238764
-468354
386356
-433402
335895
-50561
18100
304276
129445
-39111
-306683
-448448
-91343
-136560
390717
53991
-273769
76767
-352916
-480857
417350
-44675
-137264
99262
-489694
453490
379929
171602
-70782
47720
-360302
-46890
-296249
-390669
367967
319635
-29552
399306
-460790
477951
-203925
75128
-399635
-221877
209344
257801
78575
-46343
-265279
-432870
-361981
25494
-7140
77953
-210070
223230
-310809
-115276
300338
200486
60097
-266622
418227
-447794
68734
354370
-448842
-209557
167435
443674
-420180
-374928
157597
88979
240823
-101221
-479249
-114375
447021
-73064
-396255
157896
96328
-102560
-438889
-200984
-3303
498523
-25330
307366
-171584
-124511
-27459
142865
-391007
489875
-417555
154363
328992
-220460
239055
353617
-420448
479152
15794
-35099
435322
-193989
266234
357329
226774
-82874
210555
4619
389701
76937
65051
-477677
-302290
115912
371101
-117327
-251488
83694
-347467
481412
10201
-486631
-84146
-278416
83649
-245156
194736
390327
361844
-397674
-142094
-179989
-376384
216871
-455475
290407
267848
224374
-305402
-331992
-392533
493673
-400963
228219
165803
135561
409035
-379460
-373802
76911
398687
-108619
371891
-244281
-239593
-440801
199700
-320987
-275081
-224715
30054
87921
-81702
-304264
-485157
-403534
119069
83219
-389375
306128
363352
-117912
-406726
82845
452984
191982
136926
-364569
285581
-187113
-49212
374582
-288009
-210085
-308749
-401397
27679
64479
-244568
458144
190408
-418944
8513
432230
465153
-491758
301381
-21132
-210331
246393
-77923
410478
409078
5778
106942
485088
-413207
259983
173868
-433886
125556
-110665
133164
263315
284298
-157509
-398321
-116406
340429
181687
-188404
-472551
323652
3976
396671
-401346
-78400
91849
458695
462288
-266868
-5178
466736
-243512
262200
429014
412801
200994
49025
-262349
81664
201472
202354
184523
-397024
-104516
73658
-413108
293746
-479142
-35975
-328329
-339723
-459321
151016
103079
341575
-32673
77194
-160548
284398
-455974
389891
-136224
6626
-416971
241041
233781
410156
298850
31521
441365
379758
-380596
-21086
-426760
-244871
252977
-180198
-342354
5825
26767
-463805
-30561
-410020
331269
197885
462652
421031
283234
42128
-214244
210645
-400625
213769
-76773
-1037
-254941
-258387
189785
-10125
-149641
179392
-285575
498075
-58037
-399322
146325
-248642
255880
468326
246550
471769
-245663
-87950
255318
-333650
264299
341117
358830
66926
-114230
-256941
70933
-445174
-302656
92316
-274983
185085
-356295
-454869
-306261
-380523
95340
453545
205303
-223738
108982
-6099
67080
188517
59522
-162631
-129580
-187392
-437186
150300
-230404
-278664
-200394
-273855
-116281
-154721
422614
-344101
-435904
-245637
-415283
485362
428020
138604
133941
-95065
-459445
227438
-87490
270648
-45573
-492509
-245713
-5831
464773
401092
97009
475799
-297232
208878
405142
125564
-445175
186942
-462522
-31255
103569
-53305
-79313
117419
17811
262307
58656
319681
-392947
-434520
-338948
-91544
444035
275802
499668
-176838
-166212
180309
298495
-48548
-311446
-328702
-311979
27168
-338339
289761
-205506
460686
-285727
-396912
219601
414210
-299436
-471968
-493076
-46007
466617
161274
86718
417890
61782
123227
234528
193871
3947
478532
242758
409819
-368279
-265880
-332684
29518
461940
-124018
48334
-471081
131533
-475127
343444
431920
-70682
-427558
109057
-470574
-329157
-416829
241470
312285
-325628
184112
-78178
-270076
-497559
251156
-44573
435064
345650
-58577
-420548
284627
73245
56029
89198
-60994
444823
105405
298204
-58432
-367684
4100
-448206
208846
382847
-371533
-125645
-443934
-475577
-192097
445876
473189
277006
210569
98397
-124300
299742
-21894
-329323
92498
-62228
-432291
239085
-39731
-185603
108836
221088
114953
426719
-455148
-418607
-182172
-65247
-159468
-248515
249870
390049
-73726
-446334
355850
55727
461057
-421248
76787
-140940
440073
-415421
497780
-453134
-101237
-64781
-238418
122697
391919
-433080
79437
-52946
-7869
395987
371036
-158186
415865
-329659
386857
56344
31122
-400547
-116854
-57728
-140784
376578
-68429
126480
-488904
131279
-417393
-455776
321613
-495973
-336910
492003
484254
-179701
34119
-326066
72838
-283077
-104572
-201245
-99485
80906
-165698
-486877
29750
446594
444062
257886
-40675
-258304
61709
23906
-352443
171872
410298
25771
394526
184902
-64095
-228181
-47462
-270406
43002
-39559
-382672
213641
122375
223744
94821
323371
81032
-189873
355081
-321236
485614
499910
11889
409335
302117
-403845
-176425
254257
-9349
-33421
-361132
-209000
327925
-154862
499555
193447
307236
-226970
38999
289736
-158697
-304240
-282968
114675
-420676
-316309
295059
-162189
12486
20506
246430
-397338
-97466
-360714
-488779
-121510
-325903
-226215
125073
199238
-216900
259200
-496812
428098
-143058
-70432
25578
221810
419001
-147543
-358432
-82740
429798
-389789
42405
35384
282592
-189935
152767
44045
-146987
190463
139570
95923
-177120
-160296
-284862
-177427
-275153
-37021
-52044
116393
-489218
136743
-300664
-81436
172073
-161635
156140
293318
369194
-77652
-189540
208634
391570
-255051
-260673
-25217
433605
-154543
-155415
339993
-311833
-162087
-46830
-433814
-81388
400885
245886
255098
-358041
-34796
114542
-496746
-26082
-75099
-467883
49367
451120
372868
-479836
-332232
9021
-171303
-154368
-249210
162109
301287
-80731
-457552
-342553
-302979
388904
201457
-357006
462609
-462238
246762
-308740
-398518
20422
-92918
-57048
-495398
397944
319179
224188
-477916
-186456
-384525
61132
101061
-296674
-207947
-172422
-149834
297893
211010
-301221
414726
-466726
-336058
372897
391296
270121
-181012
338685
-18200
-160427
-206586
-328462
-487393
-88444
396783
350491
-361636
-176042
281137
333487
-445500
-415478
407907
282701
432165
108577
335254
-56782
342590
-41983
-225850
-400667
404034
29163
-91583
436109
-425277
-247750
225219
224195
-102060
248788
-30400
127295
462116
54038
381547
432704
202881
-306255
201442
110181
-355625
-453161
-479869
477971
-332662
-248092
139940
197776
-156363
-38283
450143
-169601
38214
-245491
-163940
-354603
-391696
-340385
306196
245996
-32665
393163
-131830
255440
-208622
-104877
190279
320910
-99976
308425
-149894
423550
-114343
-201364
310674
-89354
-424335
-383412
91395
496256
43963
-230808
-336617
-282895
-75267
-207434
-129488
28540
334161
-279234
-83567
-3123
136686
49991
162425
354949
-486974
95016
198715
-317715
63463
476328
-193136
-493907
25833
159911
60995
479033
-82336
-23813
-173627
431089
-126962
158808
174272
85265
432936
392950
58796
-81972
-128979
-359924
-106432
-87547
262531
11569
-325639
-250437
194987
138446
-276618
-259760
330458
-266769
-499614
62356
6821
-182050
-181164
425880
-38424
-366186
-127078
-123434
-460433
-494632
-228132
437734
-372867
383461
-311315
-346336
-175036
-120141
94664
261748
-373374
-348610
92841
250251
-137102
24469
473758
-499481
380134
-194452
114575
221924
422151
215962
118450
-358477
410771
312135
232734
-364481
-291721
494234
315277
-213168
494349
-75938
90924
335889
81081
-295798
-347594
-394018
-491634
-399589
-30618
-280979
-70196
-342510
-384139
456246
-415227
196027
274298
333206
101980
51528
220259
479568
283622
465792
-412589
366796
86609
53477
-409942
254921
312332
-311386
61069
387208
-129040
354063
475565
77423
73374
354860
164126
-182878
128817
-431684
264125
-89591
-143788
-128872
405307
303626
441766
-55144
213685
57070
160266
-424988
229938