68771
239567
-11139
309658
101403
104562
-334350
236434
126501
486963
267800
-60546
199267
-60157
18332
-214952
484600
440931
383362
-381843
-29484
182119
376784
151020
145089
144041
165550
-145084
375799
53059
-479766
171637
-45261
-235533
485525
-378640
466040
336476
-318831
-14703
-179895
381281
485045
48680
167950
127738
-387131
-205422
121716
156536
-128309
179301
389988
-407644
426720
-229415
-7038
-252040
470043
-197258
-127015
126512
-78089
279056
-136031
-321219
-415328
-38875
237314
325574
-369582
-149328
437832
-409054
-86575
318597
-190032
-63472
167701
478659
-13948
-283947
101334
-128532
83115
-450992
-277457
160986
-277720
218581
-46987
-280304
358205
378347
59414
206100
238036
218063
-246900
-125977
47445
327184
46647
216689
478027
-249574
190
239427
-279366
-359674
-382461
408245
-150120
46839
-480427
-154202
-296079
-357737
-307764
181106
312444
-108420
-307529
-15951
401714
-446622
-302864
33074
51391
-349904
130527
179077
425763
-117134
-66348
169011
-393568
-59132
106044
148567
-444329
278938
413051
129818
348353
234824
328347
-359865
-202265
-69682
326742
16801
333946
-109074
-54643
307446
-356056
-482668
-337124
-391560
-140703
219474
-69512
87989
-416633
-81558
343232
217350
21226
348593
12888
-4886
-40838
-401635
472733
-345444
3876
-159133
-41669
-353246
42523
486632
-229855
-335053
258709
40046
-77999
-172908
245647
134494
-76328
144721
491685
227101
-466239
405149
363695
75393
436802
379095
4136
-289679
-281924
485157
-407982
-356755
421350
-371705
108432
-135988
456550
280226
327020
-127414
-376325
-431292
490566
125172
-213416
-407184
-291186
23265
-482555
-370211
453231
23951
333043
-76894
-233315
-249008
224395
354182
96349
478262
120240
434408
351792
341375
-153277
273258
-234629
235489
-201616
56286
-326072
287285
-156696
277737
264534
-357749
-340404
216045
-271479
399900
477551
-368153
-490142
94913
-270648
8540
-407090
62814
-15189
495978
-304661
222228
-18902
-276873
-49205
348195
-445283
-145340
-312940
498767
351612
48423
30153
261510
-203804
356619
-204011
117806
52561
391036
-312989
-476591
10336
113489
111795
-444964
-227528
4646
-357268
443460
-68749
7547
-23838
119863
76905
-433359
-154327
96811
-199682
-162605
389766
-147530
-313075
194770
-290294
-371970
476873
-135528
43231
-196892
-430380
-307878
102501
307328
58866
-342631
223241
276972
-220490
456678
-455823
-188397
-2738
267259
-101810
470120
-267460
-116887
87759
426914
220728
60112
222009
4439
-353836
-316261
-211439
115736
69474
-421748
179390
-1
-135158
494048
-203633
466834
9049
43079
-201382
-485115
-142528
298275
-328065
255669
-321554
412344
-334326
-950
-39507
358587
-10297
343660
-305523
166115
207591
306726
46304
152693
14461
280291
-21960
-268116
352010
485707
-251561
55851
-256468
122367
-332604
401983
-434698
286610
-402471
17050
-241470
-93283
-324148
283577
367959
311000
206329
377695
-419966
385314
-401435
192623
-20605
412750
-385965
-310181
-191699
-400774
132305
392984
-458897
462960
-10648
-247899
-477931
83712
-237276
213842
-57341
-77710
300464
448783
-312601
167316
-352422
-441094
-367427
172250
231493
306749
-356505
-243801
-66272
-367977
124991
219382
-287453
-364786
-302595
424628
-187976
-301478
308854
170704
-234023
128666
-20821
91173
97163
196171
-152885
84241
-65428
230402
-403715
-296564
-314381
378424
-18132
398162
-56367
-315657
-278840
-190772
-464063
440881
59997
128178
138971
-66936
34700
101837
418400
20401
-33384
-250297
-128905
-96470
181897
93239
94858
-325602
-197068
209254
-380905
72825
-192000
-403370
195573
-12272
191278
-51161
13886
-307104
-229491
-359978
90317
384574
90074
-318543
-262317
292655
121430
-72237
-443247
-268475
167214
166303
-318630
226562
-77969
192873
-130194
307990
198273
-278964
-231942
-104433
244334
-206011
-332671
-98723
304698
422321
-100103
-147019
261819
482360
-88311
-232496
-382657
400430
-208505
-328198
-135242
-262301
480067
-407457
163040
-43409
-443938
455466
-3963
197277
57332
84814
-303940
-493017
121180
495893
-132493
483613
385447
-187997
69917
468312
422630
200592
313386
272443
454010
10992
491942
174064
119560
-397834
-134755
-225278
378662
-120927
-47184
262207
-266078
398543
181679
-241267
-473273
283136
-270949
49946
-269675
-193852
332253
263561
438458
-51971
414446
-270590
324317
275907
44286
177174
259024
-296972
304371
-181173
-472410
-368248
342897
111017
186725
218804
272331
88018
-48489
418207
284506
-103157
-284351
-362265
-321509
252153
-438246
-76238
420314
-37526
446865
-198060
189504
-249193
264189
70433
-350468
59405
-447532
-343807
-40825
450975
-277189
-334209
-425886
255694
-487978
-292503
-133118
-79133
-89500
-17402
-171646
245235
-300095
233757
-244394
384925
-283760
-20718
-32231
-289688
240190
132699
-232642
-116586
487956
-352210
-221331
-219166
-55737
172145
165451
84506
22865
243006
-474425
-301106
-19349
222502
-284422
-192417
375787
195979
-84755
-331463
235307
-310994
-224864
-255693
360906
-461359
-115705
347875
273928
-135136
184631
-460668
-63741
471750
-374983
-79033
-312885
123204
-475409
389404
154646
-209820
134739
7227
-275782
-47961
-139943
-300576
90576
-468063
481234
-51859
-118686
-27492
-69984
489221
308429
-383262
-497845
-496002
-112152
-15586
381603
242591
-163355
-456497
-291040
-81714
-303946
-376337
-309428
-183739
155895
-346231
200331
-299199
-77596
8071
222645
329122
-151137
436834
-374082
38034
-60755
-255725
346254
-214753
-228926
-489736
-118649
-340417
-432398
-244928
-305034
-247935
-147103
268490
-335197
-182481
29426
-24450
-376938
314878
-140859
213165
109849
-492636
249408
-409763
281338
95667
-29945
-335774
-105500
-55316
310870
388319
-383044
-226415
158797
-461441
-163934
257809
182173
-446364
118913
117436
-355141
-458507
416966
-265383
-220034
235704
248490
-354101
-345617
-363908
-355203
-295719
-241681
-482111
-298532
390950
74762
144407
342474
-412265
-493737
-51942
-315625
31283
-117538
412153
336189
410151
-269786
347435
-43149
-136916
221185
-142975
-42623
-171196
322554
163112
-110810
-193955
193707
-157548
-131975
124328
172982
46930
6309
-488601
465087
-113451
-85838
50962
-97189
-39617
358809
85264
-34985
329504
-423608
-11961
438899
311632
343468
-421237
-253269
320454
-487844
-1225
-386620
467583
-384373
358972
417836
-1175
-388773
16515
-257471
-262296
101296
-243322
-432958
-145732
117509
435699
-19646
-278243
433040
189185
-144744
33293
393881
-119773
119446
308723
-275704
29884
495634
253611
211826
-302129
-266784
192920
221636
485289
-248615
371651
344319
318367
-250769
-260141
-51027
-473450
-202984
-51157
178720
81679
-369546
-193178
-229002
-31359
180635
-61485
-145342
-63805
494012
-72843
-262673
484250
420379
-342978
455467
190781
115602
-270109
-182465
336736
-469583
-376968
222093
11354
445907
209656
-75813
185962
-131491
177615
-188518
222956
-239144
-302892
-80819
-313285
267315
75448
-283258
-393890
-230775
-499349
48678
286036
336484
109252
-14606
252067
-101239
366381
80900
-198995
-307329
-361117
-132789
96372
-365326
-325148
361477
177399
-40348
-221475
436696
199314
289232
164537
-290647
-221637
97519
-28557
117528
-471853
42138
4348
-448291
-208192
1720
-247781
265128
-265473
-411882
444238
-308
55203
477645
-264899
-37713
341422
284359
11870
-460962
318547
316333
-484974
139824
146315
243362
-408455
-9082
-51417
-34000
-273644
221092
304155
184964
-51390
-53575
-382637
398068
-170330
79577
-386829
-285652
104418
487358
307389
350511
-406800
-12550
318871
-480569
299576
-173971
432277
-229976
-450945
-145912
-360156
57948
-303286
51297
-474156
439242
417266
-300052
444942
-334520
365803
73412
-271858
303937
-185598
352540
38277
419919
264160
-455533
-102854
-419382
-467217
453488
364901
-1103
163616
-47533
414958
303739
243015
209001
73779
281295
171971
452585
-91305
312822
-400968
-185575
-43362
320542
-289907
483990
239973
-226572
478151
2800
-391212
-94856
-117989
-313670
447617
-127830
-265953
-255678
-40991
139093
324844
343310
-441913
203801
-64830
184795
-397878
-221844
-475529
-67352
-160021
104146
48042
491490
279872
410707
-35167
-414333
-119144
418776
326432
236260
-495023
412810
-271341
151008
32906
161430
-220615
196227
-363384
-180089
-84991
190822
397201
489445
176126
164563
279665
138076
-46590
-311234
-110444
209571
27424
193557
283692
344473
476771
309418
-101475
421338
-361020
-2276
297105
-71523
-206389
-52994
346256
161616
389008
304909
-86866
149497
-277544
421663
-428968
216539
107517
177051
-411977
371601
379142
-218154
-77065
196722
232816
-493569
-243570
271249
10875
-397266
-217538
-24153
-75197
382137
174487
21629
119875
94890
-374126
453451
481374
-34793
-186987
-451953
-119767
-52368
132842
-93982
-392707
74228
-163447
99811
-220966
-430851
479669
-205388
208641
264278
325924
302664
244233
159789
-496929
401916
-80802
-368779
17127
250850
270933
461997
-383225
-113886
-304938
411854
462578
-153172
-391439
-428630
464873
-248063
-480571
88932
-19527
315624
-228334
-6613
-118110
-14025
405737
-331881
-18257
432387
392042
-342475
54652
436085
318472
-82348
159842
304298
-203642
384283
118498
-229849
264599
43421
-179344
284143
473290
-349220
405803
418315
-270794
-330937
201167
418411
-71963
225995
-460183
197999
182001
243068
362320
285202
-116648
373846
-77148
246993
266434
445085
-123514
-455242
-25411
-185662
-309983
-189309
-351410
-424784
-13735
215475
221524
108311
410117
138265
38563
-314040
146454
-403518
-424426
-417730
317562
-70531
-71403
-381826
-289903
-363420
-21193
421558
-318798
495570
175117
468495
-460348
-123374
-226560
29469
-145317
-53879
-435612
-19385
-362158
40607
-394764
-396283
-482739
483195
-260584
65783
31289
-244928
-102140
-203985
-30940
244105
135130
1419
-111951
204582
-52730
-60901
255390
291416
-219477
-334504
88957
-149788
381064
-21294
-330516
224146
89364
443932
23739
286055
-296712
-328710
-382547
-425855
476154
-406129
-147886
60472
-79937
-338749
-449605
401697
-411960
-138927
91173
-473550
-107213
436533
477847
175856
402556
-134559
-131257
-333210
-177817
142481
-205571
-436009
244739
61647
-461053
-33301
101901
354989
-40019
-338342
431916
93245
-229166
-205965
-492770
-281552
361327
490414
27339
-286687
-123229
-207208
-452009
102701
389249
291444
196663
469314
73765
245901
86507
323683
219304
-279726
-16246
292452
288229
286043
-106801
357345
58834
-95159
66602
379582
277074
-417199
-210372
82700
365266
265473
467671
54651
-122415
322831
324634
236838
327510
-323019
-246930
-30435
-30830
-235593
-141614
83679
-423415
-19116
-238149
170275
151109
420101
-198917
-49610
109469
-165409
-422081
346154
40176
196548
466512
-318856
183451
491166
20525
366400
52069
-75306
-363445
75400
178812
156426
-282163
-194771
-271186
74911
348827
-418159
490726
97987
-127617
58079
-270645
-434596
-156697
-120676
-260470
390257
-49861
233412
415056
-25875
226748
86863
-344433
-75006
435306
-242907
-433651
-304671
-15004
142263
249226
-430648
178358
363840
163681
159130
-106857
372039
-314439
-331893
487215
233943
172868
-382769
-211820
222037
375282
-426706
-101407
-410947
368848
-435045
61851
-193547
-394490
-325482
-292182
197420
392601
-124893
-479211
-142145
49445
119923
374232
267818
-210074
269926
-110417
254445
-406979
-356016
-152526
-135423
245096
-220327
264073
-349976
-285455
-334217
211299
-374407
147932
44665
-465887
298315
-152482
-733
-14422
440932
448878
182790
-227453
-499754
-130867
400644
-137144
159174
-386233
-336316
316430
-424021
-22130
-122262
305520
-64904
104352
94691
-270734
-231345
-244127
-384048
-67540
-366376
307721
-413176
99592
168700
-385669
-278104
-369779
-387573
-404409
-382976
-45392
-281386
351401
176440
-412607
22569
-311777
-177173
477138
417585
-385373
-438334
-74885
467579
142612
312896
-390426
197198
-457279
-402816
-474059
-189871
-219696
-254166
372855
-87584
485579
254551
-321838
84622
44121
21116
-256935
-343084
361875
293918
363164
-337081
-75606
-183739
-214797
-98507
324351
149770
102587
-125433
-161354
-285700
-239416
-218622
240312
-98771
-399791
312366
457762
29055
-242539
235061
-458977
-161799
71468
-347652
-276733
-231624
-367134
353062
280824
109961
116854
279900
-182259
-56382
312574
396521
-299581
-190055
177675
-442646
-52457
422850
11030
-186272
371923
230697
-30465
-450953
321732
-190704
153298
413550
-140184
-65495
-88169
152228
-110553
-264160
-36462
436255
430798
-386897
-218699
157917
-322468
57203
487501
-305597
-376057
-326487
258578
-127397
463924
444108
-106557
369359
263
110158
-230339
-328325
452505
-248137
488990
321624
-366611
-198438
-378666
-435569
-243152
294777
425721
252621
-313791
-59571
66961
316227
-374607
-46406
-260146
275045
190940
115638
491611
354462
-338608
90965
-232204
-152758
348641
-460497
39476
-69920
303708
-196633
-385314
-333037
56078
126703
274582
271774
163893
356886
335297
406667
395271
272031
399543
-459889
56584
-25108
54031
-426469
-55152
16892
-238289
-406944
125977
-352159
393502
-460518
-184445
167494
-376401
7395
431313
412586
-372323
-343560
-195916
181281
497644
-459864
282701
-424341
186517
313506
-421307
114372
131641
-459860
435402
457678
301701
-293352
329479
423100
315906
433877
66593
59379
-395296
-466498
-454623
167752
444134
-349164
418496
26695
-9617
-274026
309846
304186
210077
422797
118378
-387062
-29865
-285753
-46478
-236815
-295448
62781
223832
-84239
-111278
411568
48975
237338
57721
176298
300734
115162
93428
484485
-323274
-346299
133226
-134128
40565
29219
-162648
141359
185376
-387338
117200
179994
35269
-58778
467156
214334
-335494
265830
-245160
-398287
420284
-159150
-337305
-5694
-457171
-455212
266352
213078
178889
37539
404774
-222174
99178
-126688
-288611
-357499
-233062
159138
-344959
196381
44620
-319269
240617
-56334
-212502
-37163
203432
-237945
-310684
482350
228555
-64550
-386991
-246635
189725
-119540
55491
-112063
250285
66403
326388
-434786
97908
333774
7881
-421244
439962
-366441
499865
73602
55251
404441
-378637
-482609
-94136
-253988
-478620
287635
-25052
-408117
-282018
-126248
384371
43005
-369475
-366421
421055
-94341
-198395
276406
-49067
39705
446610
-439236
-373723
-211124
-245331
-129590
169379
406116
2344
89749
-349810
499835
475691
-481495
486899
169193
-42495
-178576
-171772
-485317
-109138
425311
135293
25497
-200907
111416
432363
-221906
499360
-67504
-232334
-281862
-455262
-144176
-159993
21242
453242
468921
448328
-161769
-229611
264196
74263
234752
-271479
158127
-161960
-237865
450549
-122116
104927
-455701
113447
-357948
496897
487810
495040
-208805
330616
190399
65968
-259678
-118465
314285
-203524
483212
113133
-30921
-495050
-226656
352203
-65521
157571
-158196
-15229
-122002
160167
26775
-275223
9100
-134918
-162736
-365731
-292582
-249704
-167205
-21522
410541
107457
-164283
-414510
-146916
-459276
83224
110795
369327
-98646
-369178
-52153
424373
-329268
217682
432646
-215160
362469
-271655
410855
-8669
-344576
415998
-304218
23349
195886
-64284
381607
491038
334379
-71517
-428205
-131320
-295478
432112
-45547
266657
322624
220918
-162784
-416398
125530
-412349
-492382
-34007
-476287
342426
383300
-407277
442399
14794
107069
479272
374109
-9655
-280727
277882
-398467
-420346
-164018
-260699
-487908
-140181
-439506
29623
-375546
9907
-167240
344454
-419021
-425330
-201963
-435891
354175
-362119
-119401
428946
75967
-347998
-39714
-350933
-180458
-296035
-394859
78124
172508
179656
-462239
-426058
10207
140077
144178
-81143
-221826
48493
-308371
-310717
-110194
79833
271662
43181
218947
255545
-455735
40244
338807
294475
-25615
288913
81941
-266657
389250
-169393
-201686
-336709
444538
369893
-302362
-233601
76064
86606
-303025
492353
473375
-470635
-361220
-154385
319072
181254
-228420
309946
70291
-46984
41415
-112386
121865
-387340
-59848
449304
-207232
73618
-20001
265071
-65795
-348380
415548
450580
-400411
76696
222735
-265437
368330
-284515
221971
-372514
309106
43135
-325105
-219739
-53039
-179857
7343
-46357
258771
344113
-199902
244762
38302
363880
-467652
-47637
444760
395015
-357450
451097
496735
99573
497813
32626
408017
-188801
-311135
-211591
350681
107211
-140834
471453
369845
115367
-437686
260305
169680
116356
105290
-7739
-47805
461234
-439727
436571
-167322
-327088
-150457
-181826
-414244
428695
64195
66732
57505
436317
102910
-460385
342851
-371500
-435989
41198
496921
-394925
135647
-390250
-455854
-86168
438350
-102941
323253
-174196
-156100
352933
-32732
-96853
354984
345523
-426364
339813
421178
-306967
90320
-350673
-173675
-290300
465371
-152381
-424669
71285
-243209
-355143
27520
215792
-344340
19834
341562
-75202
-269119
274296
89451
-95507
231359
474158
-495394
310470
-244531
-281612
364082
-265420
365011
-360175
357467
402304
-394307
363387
-364425
2739
-477263
275002
248194
193882
265196
-341489
-365771
290830
-421998
-495607
-138887
214458
-312274
-4625
267867
53125
247568
321462
-447407
-319942
118732
393879
-123064
-89011
445116
190352
-388158
332489
234718
62835
442520
398790
-490821
-34972
376909
139960
-278985
127851
9118
-132018
-494130
-46272
-84781
-329600
-32361
-56037
29511
437966
363732
-190919
408607
-344390
-164261
207809
69129
48956
-278651
-472249
-37668
88392
-53495
-144167
-393992
-105971
228707
222350
192557
-153831
-227969
32018
269784
-372442
-178160
240109
-203287
-344339
-252286
-250227
319125
-150787
472830
357124
-367635
146669
-260958
463142
144945
240636
-412270
54554
-180875
301190
412749
213012
277473
358354
359399
-445997
15704
-162836
-222040
59029
-229459
81592
142265
232306
-80851
-468756
-170621
-275035
112866
-186359
-57060
-43323
265918
214793
-54686
-86999
-331067
61671
-371204
-468563
-419257
-351187
-182771
213
-361407
347178
327494
-156400
174099
-413133
401999
236375
408427
425259
366293
-63795
-9435
342167
313522
252255
262392
404001
477354
327325
263017
-291584
-146833
234114
-68673
-95676
319152
-448115
-373450
85567
-214355
251073
-165396
162714
121402
395258
20454
361338
478578
-460997
127877
-370667
74273
232862
363737
-16072
428747
242321
-231476
-307035
-195787
486642
-141689
443201
185069
-300556
-36431
-451966
83833
451228
148496
-36537
-67473
365215
404606
-412783
404431
-361743
-350781
-329459
-203868
179498
407316
8148
299869
-421262
104739
30877
-284440
368732
-453459
257516
57405
404465
407896
272976
-237999
246009
341680
404016
90507
-134662
-109726
163306
-378425
400248
-280857
114954
-21580
-15399
-35989
329378
220866
205199
407397
339365
81089
-328480
-438172
-281449
243892
-353919
-170841
418919
-221166
-9018
-339489
144363
-138387
-71130
186711
-412645
-99616
-332006
477277
-460913
385417
-141809
394355
-336035
93777
-217174
-449904
-248622
124548
-303080
107119
203593
326292
473601
206910
-367426
-233994
-475627
187195
-67240
290499
-6200
-403639
-273705
-77262
297137
-207027
436794
-389434
279564
385989
-85178
50335
-150628
-139040
-347033
294844
-487426
359042
471486
366517
283856
150505
-446244
412070
123954
262102
467257
-318613
30197
-268036
-377201
-246779
455349
-101656
453606
21241
-477191
86249
319249
376447
353346
-283332
-441501
-38824
-250743
225323
-16925
432812
315614
-484601
17439
117174
-140818
273039
-384125
-439199
157839
114098
-222406
414886
-407406
397364
-18304
-452813
208145
-201873
-178006
-45724
158141
-364342
-477130
208605
-390440
-201568
493338
-198782
446092
268852
-131721
171806
-339821
-391980
122287
-402662
300771
73540
64710
426495
92417
-240669
-41110
283954
48960
283664
40961
-322151
461613
467308
-480365
-67845
192206
214345
-240743
-305497
100683
271064
192134
351421
9676
-109065
-387061
-242900
386643
-368673
-106386
344981
-328620
-456395
9561
448425
-174959
-486897
-251197
155434
-66230
-121069
-158216
-270932
-139675
301596
478840
-210880
-377809
-74369
262244
-198820
455457
-346878
135998
133051
93981
-490363
338838
7795
-416254
294604
-71879
-92078
-207415
163283
-332753
412910
429650
-43857
357143
166974
-489705
-441936
-382318
453775
469712
373693
179132
286430
49909
-317229
-312536
170952
-337390
-478869
404330
227339
-381217
-106672
318644
439638
-304264
-279895
483229
-101784
256641
-481900
-308843
294452
-174615
-417757
-110713
-487255
112938
93353
329217
410744
-28566
8296
-468783
493283
-141044
351920
-16308
328033
-281040
289927
-101558
-334633
257862
-394565
-23076
117033
-38011
-396483
-309562
131055
-139595
289023
-33000
-171705
430191
-149111
39654
-232242
225213
-5513
470318
124471
-73176
-139641
419327
393210
322808
139416
123775
-30195
-19714
199385
-13215
-368942
-6222
-296530
-225860
276641
-258194
-286969
418212
108108
115339
113488
277719
397353
300860
339011
92201
449667
325823
329921
95047
63472
292931
55518
477511
-224341
-460873
-174034
49748
22375
316987
478071
295246
319712
481635
-457528
93371
-41655
478297
156042
-234789
392353
-92435
212044
-418191
-302714
399645
426236
75457
491576
-107279
265459
-207059
300719
451909
-120730
-76568
134637
380443
221795
403524
395864
190240
-230471
51600
-355862
196665
492000
-96205
-177314
6404
145191
287736
458546
-448150
-178317
-258911
274372
-483780
438247
480176
23955
62451
-110038
-129634
38234
-159358
179282
271339
-291643
-303703
-261671
-418638
380776
-471954
-227805
-171335
80076
322907
84785
379248
27267
-388698
48237
-61701
390595
403319
373404
375766
411697
12467
413081
258201
338413
299478
-17998
274604
246292
-156328
72907
493884
-44039
-203133
243429
367092
382630
-205802
-340861
-283674
-207829
72645
-425866
-195493
477958
-305421
308951
315279
334200
-139367
-1962
116429
-29978
-53780
-354547
-118282
130637
37673
205319
-173294
485963
-61309
-270277
-299470
-320516
-206992
388714
-134106
197898
-93090
209075
-111902
-218597
-391278
86176
6197
-35889
106783
378976
196675
-99747
14260
340847
-135592
-329444
268782
-95594
52588
94458
-386503
-195102
108425
-447839
159984
-73338
-351689
-338641
-337437
368968
-322798
290170
-322512
-304680
213450
144467
-25746
-487995
199556
-369671
156076
103328
454001
-248424
363435
-188099
-236268
-62270
-320321
-290161
212024
-336397
-82121
209479
-122149
-107338
-228568
-248987
398800
99849
-42266
-404859
212127
-468699
203125
444611
2692
-364793
416681
-6221
-453421
-69264
3930
54934
315437
392700
-54733
295714
429711
-199091
360825
293680
311413
172280
51199
30279
167660
-173041
-383177
254321
183132
286908
-136797
33889
-222437
-371826
161541
-407072
156720
-432170
225543
317798
-124660
-345004
-390058
116363
-429627
-280505
-110568
-9897
-429031
484858
200910
-138269
365618
-69612
-126797
-220283
249203
407149
-58596
37942
35022
-114909
-140372
-11851
-484037
-38435
218901
-69305
-70490
-298765
-314244
-263402
-85385
-191252
-410951
159618
-319460
172569
-168224
440726
483558
199619
259508
-487583
120666
-316286
-302899
217897
424920
331437
-445231
-321247
-265
-177775
-457931
-135342
-493461
-180553
-223939
-155016
196763
93372
-19395
-298964
52207
74432
295575
-22407
-114017
375461
-209921
-15764
-12448
271333
109076
-341067
-271743
-345865
484525
-431408
140908
-360840
31373
-418763
-274970
234693
187800
-4126
300476
12955
41939
231566
-440315
14200
-138902
-307619
29684
271875
149718
-326441
267147
-74236
25171
-290528
218367
136388
331689
41497
-369913
-170600
-244555
-69546
190730
-15350
221099
269906
-11865
52240
462904
-144808
-120497
-380944
-63607
-135121
-201614
-144609
-369271
-196631
140519
-318640
-326737
-482267
347426
-455573
80487
-307418
276788
-147872
-163992
406662
-84495
396723
34552
43181
-189120
105546
-331494
313761
210865
-270610
201952
25864
493996
99866
-411264
79264
124982
-425461
477125
-73825
402950
285234
-97530
-167234
193546
75593
-386911
-341511
83537
-341753
-201316
-329133
226614
188993
13062
152318
247580
-330401
-384453
2221
263040
290597
490013
55496
53568
304381
211646
-270025
371995
-438733
414497
364249
-166865
-72489
-202737
-227315
94217
-133574
-200893
367547
-124017
-246186
-76962
-124340
-154593
-262955
-287713
50391
-96076
2300
88713
-430324
-147604
268433
321137
-150503
-290104
-135719
-106091
267791
-312812
-87805
83192
393940
348503
84249
-32972
-87434
-229468
-156479
16440
-77230
-373614
-164254
346558
482221
-91855
-3988
-207230
456025
455647
266078
147747
193581
-452745
276163
-97605
-471677
-11653
251291
369115
376224
491566
-48623
385111
-239184
-14507
380871
484466
368979
-305369
139558
177537
-160538
252889
75440
-82605
-456900
-247316
38425
-239822
-273282
353107
480147
-300784
168699
-23769
-131785
217469
-305146
291745
269479
81095
-14414
392753
432407
416148
304567
20162
185928
-239836
-276080
466197
411014
-495063
115578
-163744
91067
-301245
29275
215021
-18690
176594
484885
-93631
338438
354436
-412106
-2667
4132
-241282
-170273
-183575
11690
-119455
-406591
431565
208001
389243
-134616
234443
-445818
401691
327751
319414
24816
-287773
-312376
147137
103955
448701
80887
251875
139144
93241
70808
-320433
101429
-362612
-462457
-373158
-156281
381557
53914
-112482
315224
450975
-314071
475104
252485
224059
333662
-24860
485253
-317805
-390660
-293970
78965
472938
-446590
-369537
-151688
461607
190251
-423327
-130837
-221879
-179914
200026
-93974
424443
243428
266404
-236800
29918
-230642
437211
-492338
75790
-329390
-244739
-227786
211713
163876
-192976
-92600
-305333
-175627
-476738
-240765
-270104
489405
-414642
-65593
-453871
315963
56837
-199920
419461
-2817
16917
-343975
-176096
-219333
264827
394301
-373529
-290085
-183490
-260325
-378046
94878
487061
-261436
-354585
-117530
465719
-10591
469198
225514
-71734
-178811
-182619
-313014
-379254
246189
53270
-332838
430840
109948
-156729
-199366
-76485
224023
-220487
-111005
99101
150313
-283774
-293630
347845
457448
-370589
41514
186838
-472253
-459708
78560
470334
326878
281729
-59155
-195988
23850
-461550
-221681
-441357
-414822
-243244
387239
464032
243426
390763
189486
-313570
14035
-491738
112433
457231
115263
497033
-9233
-7352
-426756
159057
456349
-254247
451312
-451902
75268
160119
242589
83966
-100262
-185609
128468
259635
-380897
-201094
153335
26635
-393470
-27220
-66595
-41214
364494
-95520
2405
459029
-89886
253502
334451
-334569
136783
224827
-351505
-434240
-220829
499740
-189208
-95082
-61547
73694
-116024
435300
-51949
-390546
-387049
-244800
-158103
-248979
-401548
125667
323744
207028
-383515
-186151
-428386
-350839
192965
-195298
-437210
104842
456725
51238
-245655
-332138
-90361
-373409
-386043
472492
-290414
-267576
-311379
493734
-5901
-481238
-152723
114741
-460375
-46967
-409764
280295
226500
-403241
316130
-108089
306457
147746
479297
317977
-9218
-443344
-372759
45015
340948
309151
-171812
270045
172810
468095
289814
-346336
204748
245630
-459241
-365756
175852
-225819
154999
-38318
51101
-95826
-9784
207629
-383818
-401647
-231385
-210375
-285481
450202
-284918
-338809
317143
216596
368584
251393
-348737
-19409
111545
-240816
-240666
-499895
29209
-390005
481006
402544
-294164
351898
162523
382920
36758
-10899
-243874
217916
-187277
-256168
251851
-316632
-447627
-46719
-120415
-368616
230965
221838
356836
456973
28184
307128
-372176
33931
257614
-165128
239842
77278
55337
-87376
-421119
263515
-253316
417176
51171
289718
-137853
368928
-195567
-125674
425962
331243
-78226
-94051
73531
-94967
-203359
434549
1002
458163
-352887
-352670
-37390
19585
131810
-463843
392957
23258
350682
-126797
335680
-200607
-191545
-189490
-310020
285363
-351351
-351668
-9293
282234
-263323
-254046
-465585
-292783
-490403
278967
352942
-218691
-494270
36518
138615
-403082
-213905
120128
-383177
63935
-274378
403958
-391536
335999
-317852
-34406
-225935
176507
329893
208965
54999
-38254
23447
-471125
455922
194772
232681
330431
346872
95838
437726
493862
488200
48525
-171272
-158914
-144995
-204727
356726
-104254
-27488
-281141
-38707
227137
365000
-158078
-256067
394766
-471237
499441
481459
477295
-331170
-40348
49918
425873
308332
-345738
-331686
115565
-287375
276009
402197
453122
-110713
-296793
415718
327897
-235891
468377
-269227
162567
-459780
-290623
212223
-47817
82329
-23315
-230945
471254
-250608
258547
285375
261537
-403292
-495736
174771
-442725
181552
154670
-71561
-331526
411423
-134137
169461
-445665
-330487
-69011
-12654
426756
-126503
-331101
235668
134170
141648
-330173
295499
-241257
201403
-117461
123360
372113
390620
-269640
161459
-104932
-274901
39464
-170886
145811
197674
-14178
210463
-39783
179268
-494744
86377
-196557
313588
9512
-365821
244734
184592
184195
-264574
-18114
-343744
-11893
-205871
-243340
-218414
287089
443574
-420895
-124066
341135
228133
155716
494179
-250789
-147348
-174760
-368689
109713
-409852
-392690
198615
-290121
-414424
-276511
234970
-199211
-241331
80879
159586
-453970
-4837
367096
-415987
-209696
400654
176189
215870
396748
-367249
475655
249919
424721
-330059
115028
-14691
209307
-9961
15250
-195772
-22088
-91545
-368589
-321985
12326
349178
-336178
74794
489141
-280040
-479246
396400
427067
267137
-326150
-296120
-427092
-234293
-481119
-81394
-2638
-402225
-66881
72773
342387
-499622
206886
28101
439668
-37291
-440108
485289
-172453
75265
8422
-207270
-402737
-75240
-496603
-415012
281375
466371
10433
-312955
-72322
354584
368553
285349
487840
247190
-318413
-138201
421311
119494
-19402
-324003
-132197
-351580
125069
200670
-468483
-187099
125646
-376862
366355
172988
-301858
-345649
-20369
468288
-119518
-321645
-403599
414999
-332964
218677
35864
-22021
-10377
238097
-466425
-382144
360929
-392556
257156
-498118
-333814
-486574
425894
-353256
391783
-444383
-321770
159934
-193646
-458203
-119637
-219873
15540
123896
366616
-80403
-30260
-281300
-167953
-437510
190278
10683
72433
-413297
96214
262537
-96311
201195
90536
4916
-355284
-347514
-18777
207033
209842
299255
421612
-386685
-157152
-297853
83453
-217912
-329198
-277993
124643
179382
185907
296883
466365
364244
107370
285662
-403055
-234928
212830
-172513
81265
491797
492201
67611
58216
-6123
-284751
2310
232781
-497872
386074
-444859
-362241
-376992
449564
-258711
-258903
-425484
349890
-7024
105948
195345
-145422
-72502
-174431
267863
439308
-484772
107626
141458
206342
-300685
80290
293387
53136
-164969
395222
-25331
203223
179099
-486688
-288149
-467412
416278
-320136
301263
390804
-300506
-463065
481990
-101805
-118506
468194
-111756
204715
313214
-55574
-322109
-376927
-59484
-127541
51878
192685
-7126
283534
-173465
-240227
280139
-75371
-20370
472926
-396122
-69977
346059
141550
54419
-24880
216268
295802
-457659
380483
53499
-490692
366639
145251
-171797
73697
-41002
361755
473464
-353783
-372314
330050
-95280
45277
-69026
-214750
-371065
-92905
378591
400806
400265
170012
186453
20242
484964
452610
414233
-73184
-304543
410877
-285141
472201
382575
120615
-358339
-61197
313993
408857
-124837
-309641
408628
-223129
-91479
-148815
-189044
-50196
-5282
-319955
-65636
249004
-445366
66866
296679
424815
51433
292701
73104
68971
427820
-293137
-407050
-404083
-359315
307553
267138
152008
157344
37420
54682
-171961
-406352
384646
329657
-472827
-378477
-73672
-400080
-44028
-261425
442427
-399648
-40093
-167306
-98096
337185
1118
-267797
98322
-325539
-256256
-434002
121289
462246
-154138
27959
-348495
220014
347423
-134990
-337445
497817
-80651
420030
85321
-129736
-496510
-238366
-486641
75820
19650
-34134
-298175
452855
458331
245582
224762
187451
829
-473876
47797
344776
409708
-198787
250094
-361376
400281
168892
-459906
-117798
-262890
376154
61893
-209467
-344788
273733
-328515
-380373
-284458
319498
269419
280159
-418109
-45490
351548
-467420
328264
266096
365962
-309942
-298192
-289893
-43111
142358
-38870
156573
-454701
444666
-91559
113289
66852
443648
-388357
-457238
-9573
256438
137649
-150251
-210807
-1614
227113
-434190
248124
-390757
10626
491281
-493672
155374
321985
190888
-85595
446824
-177092
71560
-185940
413891
481831
-134910
-196578
191318
271553
39706
163059
479055
21670
499509
489548
-82388
483456
-33940
14148
67989
91567
260911
250878
469928
260109
291136
149231
-123201
-73838
317599
-409689
437729
-22914
-284423
-471259
357009
-450749
-237166
-88941
-144119
-311822
341223
-218025
158973
-309522
496131
194356
-12439
-204
-158200
-55078
239017
325945
244365
378395
-259276
-117480
-53428
384935
378769
221073
418342
90837
81748
290204
365075
232168
476618
-70193
-110686
494642
277301
83083
-113765
-151651
99165
349500
-114645
-430674
407425
-107501
-317952
411729
334341
237951
-416095
435987
-360597
55368
-129697
42507
-26154
-239165
424751
299709
-333588
129997
376475
-333568
417195
416382
368012
-412094
418141
-495881
-392028
35704
163955
379906
418931
392374
394236
-408858
326031
-375512
-296790
-269309
-62286
-296409
-317806
-432279
-237065
-52994
-149461
-49420
401916
47131
344373
-393589
449352
-288956
268512
-255675
489590
162979
-298446
226002
19856
-114959
342019
266514
-458653
477315
-383483
366831
-153663
472534
72572
270577
8625
188917
253658
-262512
-44356
-494593
360672
-105439
-199390
151161
-83247
-28611
-485632
359978
-192504
457903
-480084
-146547
-359383
204164
447132
-20199
365810
-256741
-342002
44587
8975
260334
-132370
327063
-437778
14353
-56552
-160454
-109676
11367
-453755
328509
-422378
-62782
-360627
-233344
394527
262890
-460374
475850
254130
284683
104664
430218
-63689
176159
-291410
-156918
48537
-367473
391613
320083
384545
430074
4188
-413974
-219465
151744
255210
297208
-284862
-471701
-434605
436659
31977
117282
-319935
112819
-149311
-495178
1487
411535
-15434
10864
241842
-426747
-70523
112371
-324445
-75718
365347
253722
-372086
-138187
-101492
-128759
196487
-160120
157844
-169222
320740
-365112
-456234
206607
478028
173302
-41114
-496956
-177329
445306
347416
491271
-478295
103225
259854
36147
-356789
214990
-248994
-127901
-421343
493511
108119
-100571
-311444
-215934
65916
49119
-142139
-74733
-335299
93377
-269390
124869
17777
-55725
143466
276548
-430898
-125045
-142804
-316251
-256048
-349717
-321373
-497421
393897
-277756
-94809
213295
-276446
-174615
126285
463297
495978
250664
256510
468664
430012
331475
-376829
272379
-197473
59370
-256932
443179
-296277
301139
-73943
-364917
-216535
469774
372646
400513
-37606
-300798
256053
229301
-100484
334713
259417
344533
-472992
-144773
441965
108253
426405
-274346
-283816
-477204
125836
196707
122250
-159596
244394
157604
-181792
-176606
431101
-438974
-33517
80981
-451688
498548
35155
-78621
-189929
-229614
199209
89149
16710
-186680
-227238
-410403
348974
-440855
-478724
354596
104520
-370273
357644
-337124
479695
36192
-418236
-425826
-256117
-486598
-316771
-469873
226183
351210
-307704
148079
277010
-101301
-390535
83819
-271332
402918
303147
-383947
-357552
-208308
-283776
418210
-299523
-376651
352257
-237481
-409115
-403131
431456
-126227
431636
-38884
189976
-296254
-79770
-337853
-395767
-370018
32680
25833
464569
50808
140567
278618
10055
-256599
-138252
262724
164750
60687
46563
222572
421696
259227
-213903
247049
36650
-474362
360882
186592
327732
-387325
-35421
365836
39780
347378
268200
-430670
-485351
395151
-5822
-200772
-174074
214509
-141998
261142
330324
413820
-396198
-329703
185367
261520
-126451
-349469
295234
-422910
276729
148762
192650
-237114
271453
-377201
190116
-3213
-129774
91633
96193
-233018
231345
497928
374948
-217724
407292
144399
133559
-485559
314888
430378
210353
470952
315447
-17950
416978
-401970
-204711
-390466
-244921
-42987
42134
90752
-386790
79390
383762
-465652
62512
-166013
78346
-123490
15410
263848
417558
-425449
-387053
286605
-461558
251188
429203
-43125
-233790
-165625
65879
146268
160865
-411920
-199362
-260547
-205001
-191690
-287753
333878
-140551
12047
-402690
-175926
-106987
180120
203510
25460
422550
368486
-226674
91082
26057
-33677
-281405
78898
331160
367977
216418
-138181
-442564
494184
-386796
79844
45076
-244043
-148190
166100
427877
-297972
-188832
-17725
322796
-235240
-435049
-327150
-30551
14381
490533
289283
112108
321632
-57676
-102120
295169
391012
41754
-310040
-385186
-369949
383857
-316888
225410
-382095
-213097
498141
400104
-233074
103061
453938
-480787
-265685
-2578
117510
138115
102758
-490013
117486
-382745
-428671
-127129
323837
325888
-314105
85994
109431
270531
243487
-433914
-384904
-240390
-492946
-168426
427771
-481588
216359
-440720
126659
90605
-242279
-379554
76840
-374091
-30802
79236
-60151
-303661
-24000
-461698
141365
-289157
-479286
-380145
449851
240958
143553
122262
284915
433535
-67900
-93225
68226
-193256
281273
425795
212675
302490
-434934
332635
-257543
-19023
397972
-334227
-5475
202652
18130
-200951
-313316
277002
338169
182143
-185444
170709
369523
-352452
439800
454872
236929
-363667
-115262
-279905
79164
4423
-277222
-63479
-2237
-274092
-177180
498873
455279
487531
-183503
-272513
-2
82799
-442065
-220855
102753
-468992
-260291
443361
-420466
374835
-258233
-206183
-342297
494430
-336694
157168
-426183
5649
16798
200058
50230
-37941
-366062
-278720
106646
495817
211570
125022
424831
332325
-9347
130421
-125430
241262
277430
-429899
-220348
69908
66650
149111
351244
-86577
247937
-443825
-380996
-446333
-152888
-447929
-311170
-170035
-379718
177784
-162589
196825
-355748
-56074
-452806
330137
-290529
189604
157646
111379
179176
-97261
-286979
378512
-237125
-195108
288863
76691
259488
-214289
-48412
-69829
-112616
258004
151030
-43334
-331883
-69122
-19280
-459519
184133
-285313
-367440
-447514
431966
-153135
302619
-205907
284411
-380565
-11231
-108558
-120691
-16781
492878
-65617
-341651
-320984
-326536
-404797
163538
-141601
-400980
337186
313602
184657
-438363
39716
67884
439008
-262520
192845
486017
-435255
486650
243559
-31044
-489889
483773
294320
-477965
-425883
-50145
57818
-179320
-456451
-129003
-19229
-342100
194740
-246885
-345436
-425809
187869
-178927
401820
-252020
9145
-68097
-387351
-403038
-20847
-397145
329688
-23714
254222
262243
476429
-487513
-358665
-220721
466137
71529
431890
38064
-185954
378018
-389694
244966
103289
-297581
273558
-280023
321061
-289479
493652
-157442
-446165
236876
464896
58871
285526
267265
-161527
-70314
429217
320105
-472905
-353511
317446
362478
394591
-361114
181227
128041
407916
389399
490921
216654
-255745
-369653
98176
221381
388291
-439047
-336873
157392
-75841
260763
218693
-412345
370086
-185610
-103493
310704
-475740
307299
-162755
249581
-382114
302654
-147393
473377
-81544
-163838
348002
99189
193955
-214471
-367204
435204
490887
218121
-396456
-203100
-422077
-304221
-57432
-299871
-442627
449642
-85309
325473
387612
379361
-378863
-87849
-61030
141947
210920
266413
-196140
298698
-91964
-382845
168300
85918
495302
-70732
186130
421218
-258778
14738
337569
-56509
289884
-108829
73489
156023
-55224
-41776
105149
39306
45012
213765
457545
185798
-369596
404778
422016
-488870
383231
-125764
428771
-238006
-424924
151355
101367
171060
-301559
-369047
-204784
107519
218078
-321324
-315770
-385984
490609
292093
-121434
315586
-289658
-43014
13040
471396
-240870
-167443
141575
-477899
202043
-414298
332190
-395618
188274
-91475
80579
269807
-491570
-446427
-292623
-437129
-275051
400454
11612
83915
462468
312549
-144104
111818
159274
-304511
-486850
-381141
30012
-241554
-143394
35241
-48638
409901
171764
-369955
-23353
-270201
-258915
-95062
168092
170584
-154229
-204283
440380
-258859
411287
-202001
345758
268252
-175099
360685
237754
-112274
456981
-98585
-204016
356066
-255055
-61751
-85386
5279
394088
-56011
-92275
-447096
298603
-255007
-412718
-450514
454341
-141513
212774
-39188
-446789
92706
-421259
-197774
218886
-95248
-424112
-436265
275625
10767
337224
378085
388614
-458457
491349
2872
497313
128302
-148858
-286110
-155645
-85813
305608
-274016
86131
-96090
178387
-231826
-25935
116994
66341
245131
-339400
204174
-469188
121960
-440153
-49429
177099
-451806
-155347
78475
238989
453556
-378131
116089
492196
228725
238379
29217
5807
-114736
-82008
366608
214131
275184
-395397
468780
366871
145015
162211
-462602
261845
77109
-73067
354700
120169
-5330
116850
311879
73303
396842
-436772
-229545
-147193
-220621
341167
466103
-300866
326744
21013
-391891
-365515
484590
-161593
-229614
436428
498505
23916
186117
-14592
-291478
261237
-43232
429913
-463007
254525
-217079
-62197
-329342
13406
-453233
397895
286670
-345450
342314
-376332
-455161
343657
-178389
261898
60770
-41357
111879
-189404
73085
48782
-193144
-21561
-286569
-86236
226250
485064
-373502
-425189
357319
55872
-162451
74445
139421
-306323
393441
-433062
-219701
-289473
-326875
-304549
-407582
169046
390167
-398158
-101231
-55721
120160
287098
41147
180036
-142123
-490281
-66243
-377828
473976
-390804
19157
161474
-440293
-492175
376449
-358570
385257
389404
-116898
409389
340752
397712
291511
489213
-85201
214476
122373
288869
195207
-331798
-255297
186296
23100
277900
440219
-197562
158221
451381
-415234
-475265
40735
303005
-173348
405917
-483411
-188525
208807
-142252
474096
78398
-329969
217264
490049
18179
-479532
321989
231430
320400
-478223
-400657
238394
122072
-420853
-202878
-3753
133676
433608
237598
268748
152938
-356349
457812
-91367
-420895
-136235
-30268
146256
-224362
-210851
-342400
-72176
307644
39320
5770
286687
111254
-6957
290741
-443241
382968
382869
203883
29469
-469524
-401183
-31848
-127804
-388424
125198
-114450
432856
-218902
-13420
-254388
-351795
-96207
405229
-232357
76944
-242743
-263432
445181
395325
-117458
-238870
375799
-399667
-459936
-309611
-141841
173893
-34638
-451266
-273476
-335662
416147
177246
-198563
309922
485830
-88341
188359
121804
-471510
-209536
152686
-482578
144504
-314003
32646
326992
-170055
-117534
282979
142267
115698
22441
346928
-187378
-284309
169345
137128
97049
135629
246798
-304733
-154659
497417
109597
-195414
-342956
75809
-52719
-348678
47453
251656
-40511
-83655
252259
488445
-472197
-327749
-14634
486493
296442
-254020
70996
276211
186795
-22582
-13510
283376
269359
-259763
-10312
-37938
-242632
-325038
-244840
-13836
-481231
-190904
-463598
-68812
-67045
-259116
319047
-482619
426286
-188201
145348
186182
496797
462955
278648
222442
-433939
414347
339254
-74303
174725
-463707
-74981
171692
-479245
475445
-14763
425236
15028
-288595
-232490
1462
-244077
-475089
-246871
381046
-412461
-433851
-113151
425099
238491
-418517
-26726
348014
20323
256941
-188655
475394
-321745
126567
336974
436760
-427826
90459
-464938
-116870
398508
-27700
102778
157147
38760
-439544
-477336
178107
95317
449896
382073
18966
95438
-149465
-102158
-217944
245755
253387
-465807
-426295
264009
-337875
186284
-208823
191944
-4087
-80901
-270169
384730
344442
268350
488556
344971
-108535
26226
345637
334682
-161918
190799
320624
240188
108750
-90935
311435
-490257
49667
-178838
166948
-143467
-183414
-491344
498866
-306695
-306259
381792
234515
483198
-176056
-318970
-245450
-83952
294918
-479824
121970
14297
-311336
-158281
-179980
413365
-360644
-208925
474892
-376840
-398238
63262
382096
-474169
-428729
183332
126687
-261701
415508
57692
394013
116730
-317197
182280
-41714
-313875
-74399
-298038
482094
-440604
-263181
-276796
-144022
470595
-27473
-95897
-238447
311726
336527
229254
60974
201493
199648
491391
-360406
225877
-97619
485790
209962
489135
-332157
23363
-244922
-368917
263882
-371246
491976
-455584
-488652
-429914
165093
351792
-117575
481347
-327611
101157
314170
329558
-339859
-492456
178409
261632
-267755
-85730
226589
-311547
282047
330269
48843
359617
-249754
212917
-95632
-201823
376875
261937
-448274
-124271
-293597
-269696
-347366
-357741
361993
-49260
329446
446101
-173691
-214605
-65307
-312395
66395
-137316
-24568
-112065
397382
185419
-270563
-386909
-173626
177479
41657
244830
269859
-415364
72296
-119059
-296262
215796
-346616
10918
-441728
279473
487832
379436
-287015
254156
338700
-254871
236118
389417
15158
291879
365888
229190
-433184
-279218
363273
-176741
436927
179492
-324061
89467
364339
-136030
85719
396689
-262862
-162240
304326
-466689
449601
314000
-385398
-367727
-293332
237838
-305162
194570
-143366
-369689
-384329
-64540
441956
65251
230204
100402
-71575
-325778
-171617
384062
268567
331384
355240
-34745
5079
492187
156363
-268746
61423
-161884
120278
-443972
116338
100695
3562
363362
482002
-15507
-427795
299281
-57501
-380081
-100934
-175273
-381165
281034
-422902
187366
-308010
-141213
-22408
-466081
158771
-332656
405573
-119132
437091
-491582
418824
-191815
-168027
137090
-308830
-7827
144419
-281713
-165272
23714
-101304
444444
-496781
418662
234652
-233039
92303
271419
-454785
-441810
-200178
48787
-491526
-134586
-298975
159989
217644
-399680
50850
159357
180145
-55318
-177067
212132
-449207
-174019
-139061
490023
-347626
428676
278262
-389257
-439848
-424375
247418
-414624
-184987
-206801
20146
-364883
-321209
314622
-296598
-99127
100483
-334478
480855
-50980
255666
-202075
-392019
-189821
-304093
-267049
-20412
-393071
297995
-125259
-476317
-499533
-425306
-165069
388986
24038
433967
406042
164279
277798
305359
-314258
-479534
-382110
168758
458813
13406
481436
10718
149435
261556
-132197
455426
163746
231472
422778
219286
81450
-201466
199527
-481455
-59166
-230519
-166592
-155205
177274
407834
456070
129021
-243403
180874
421486
253721
-39467
472363
321881
-135613
426240
-499559
340670
-34413
-129716
140565
447053
479380
-116421
-52897
-465287
-272372
-105311
-299844
120116
77951
-379738
343607
-314307
-20886
244318
-330372
8964
-322856
-188466
147393
273108
-156232
154511
-371700
-57659
71993
-256833
-308609
179083
435200
-144567
487809
-13030
-441520
74172
44827
180265
-400804
383938
-55189
-460673
-124583
-232283
-364754
41324
-494136
-184677
392604
-79721
-476586
487196
489519
-108247
-315331
215589
-445478
400454
351756
126580
-183894
-148920
383073
392387
-375997
-230435
112376
335730
-233799
-239018
-388026
-2723
332164
-252277
-3707
213955
464561
217725
469085
469141
-478375
-377506
-190056
188417
306865
213119
-86463
317073
67968
499526
-285852
-294769
66019
400784
360991
491081
459153
79595
207764
23101
-163023
-434821
-216541
-469218
-17983
-422928
-170942
-340316
-260314
-45087
-224271
265457
443482
452722
168921
-69434
56927
-197386
67165
230514
391902
217452
394144
272889
418879
-5317
16571
269356
-485846
302790
-332701
314264
-239377
198936
151697
-235179
117071
447218
-234595
-273591
-392039
-182558
440652
223838
-210844
170962
121493
-56066
-295756
173948
154369
-251544
-163544
-472333
-50308
-438907
211530
-136238
-256809
-196644
-480144
-413186
-102652
168351
-96134
-123276
-52546
201869
-272927
-23372
45360
95870
28457
-197937
-178540
-303951
-315554
-463004
-190037
-234194
-295339
120344
84878
-244074
144271
-329953
-250665
344871
320406
365837
-385941
29504
309483
-482779
-491255
29187
270520
-44719
-293015
464653
-297226
499013
2731
370857
-254429
-82933
-277712
-353017
-293212
37827
171626
464260
434884
-183949
85301
406958
-274605
72573
-17809
-228934
237136
26824
-95716
79619
-8269
-22532
-439475
-356072
475122
279966
-275483
-354116
487093
-17285
409548
-258610
446204
122336
-217296
-470489
452636
449368
-206593
26381
-332327
-493632
-42681
469850
-160401
153850
141883
-374953
-495600
-82258
416960
-24299
413410
-171192
-237481
-369897
-206861
-151694
-156869
383231
499897
-246155
-188496
-258619
435790
392171
-144981
-141555
16210
257879
-432630
82271
433337
414959
7871
262287
368244
15833
-495644
327818
-95112
-27700
491340
-94230
-308085
262743
228524
438003
279728
-18936
-67638
-334367
-448239
78442
-310242
332119
471129
-213984
110416
-241242
-173066
58438
-102027
24889
98351
57770
205686
-295126
151813
-434519
437895
281642
473992
-152042
-16679
347126
119363
-354550
377621
119063
-185724
-373374
-499556
359459
171084
63258
-22147
250032
440783
285237
401396
-316897
189365
-110458
-407157
224447
-267791
463410
-406854
-120941
-46781
-116712
451992
-241474
-165467
-318615
-329455
98288
11653
390438
337089
-175481
-456823
-389864
-261277
175440
227895
489018
-94170
7408
386459
-222824
-54823
163620
-484128
54734
-300315
424733
-176172
-139589
207068
82827
-59023
-314021
-289905
-147963
-470371
-412679
446558
-174210
97250
-137540
-293788
222329
-441467
-425728
-104621
279736
446685
94350
336981
135894
-88427
-59282
-320232
-117089
-361144
323925
432804
-452553
149068
202312
-263408
-265012
170308
-490061
299609
89133
-42518
-2154
330538
26953
-188074
-467469
-203868
33993
-234283
44179
225217
-15085
359581
482836
-293928
213767
325934
-89297
-318444
-480986
-264259
498903
-36420
19242
81153
462087
-129014
-413711
-125761
-228756
-129096
124832
189639
-62838
-268737
354651
387218
-429341
466773
-343403
-242050
484551
-138127
-60977
-39836
229967
361181
-80841
-71815
471506
-179636
-260882
296474
169313
230089
374914
-123967
-62049
-235221
-446974
460738
137461
325408
-481266
381998
74987
-433949
45038
-108190
-220268
437707
349058
131290
402469
-191590
-36604
-222791
-78936
-445294
-197421
-369598
153199
365026
386662
209759
77164
51928
278788
454942
-126853
272250
96205
-54092
-324328
51271
-81427
-334436
-100248
-252455
-265912
406565
240786
455700
-274761
38658
485087
-158116
172225
296618
-244495
-477595
-326761
-318023
-23259
-460342
326437
440712
-150240
-282834
245049
-53357
-497132
-422104
426788
137256
20499
-226613
52150
331704
-399194
213323
243772
285396
256666
-42464
310276
-103218
446857
477062
239351
-381200
6953
32743
444882
-447354
-282328
67900
-417844
-80855
-47294
-160818
226454
-257888
201984
-425869
-75076
215026
335157
402985
-244821
-195626
246904
85393
-36446
-24355
147897
-127429
-319911
25132
-303517
234096
-339812
-52262
33501
482127
-12029
87249
430871
-470497
320956
154125
-443542
-337958
-120503
54606
-282169
-187935
18523
443580
117921
340296
-161273
319531
-403726
-291213
247881
143152
171393
-34671
217796
-388802
119392
304548
-410957
-33045
-313992
55018
-13738
-152443
-398052
-109218
-90838
-263021
-398304
123899
-297209
-31683
-467164
75815
373941
-421212
-64368
-497787
-73870
409676
371647
230547
-204804
-131357
299402
-375678
-215660
-238324
207006
309793
314611
366598
-132822
-338767
-3026
109238
-336101
-142486
-316411
291390
-309449
-131235
384112
-300936
212312
-394563
-391043
121379
-54805
-84812
465416
219209
81630
42499
268984
453580
-187098
259118
-385624
-485649
449682
195424
-331245
-255187
-351800
306123
-135078
284739
-259274
-263988
252577
-424318
-477429
27878
-419796
280674
153305
-281865
-154339
-99825
-406677
31988
-50552
354014
467892
-176637
466234
-104919
-369553
473554
-487909
-449266
345728
404877
-353838
-184389
-245875
242678
342178
-404369
352719
275196
60873
338937
436067
-27264
-7882
130958
460907
52058
278289
-446856
164055
-722
-47824
396412
405652
77801
133659
361021
10278
-61151
-64665
-35301
-435578
325144
244875
314352
383396
-302038
215948
-379315
441192
499589
-377596
179002
207282
372719
-12458
-58576
-260976
-118434
-461549
308150
-127115
-78621
-84465
394386
-416978
-17846
76910
17891
-269720
396218
-179911
-192352
-263447
-402988
20096
201022
231271
159633
448597
-101332
443487
-169711
244889
46994
-398349
-228905
160241
75107
393103
-72516
-2361
49308
-14350
-266134
-302253
-438331
-467207
8713
-497033
335478
67199
474470
10976
245922
31512
231886
76126
-279592
241181
151682
-215158
67609
272112
-171938
240179
189342
263170
-475928
105401
147097
-397108
-189543
254307
-11208
-30410
-380905
-280107
103075
-411689
212485
-419214
-486057
-136705
13909
-72788
31456
115526
-423110
203678
-412708
12337
121868
-17617
74987
-75072
-320178
-465872
214921
369747
328382
328338
-297369
433840
-229869
-89751
347973
-36676
-35957
123845
-492858
83121
226511
229
-49696
-314562
343736
-392981
-398144
271177
19494
-397744
23768
-53770
-493312
273355
-203938
76340
86867
259717
-378690
74138
-306211
-407282
-102182
-383700
497497
348416
285707
-118251
-320760
-319203
-174091
-387883
-76079
-145799
-317129
-451585
465998
-462749
491366
393874
-77409
109706
-415260
118928
233094
-134802
-49720
372512
-499646
337078
-489318
91929
-402265
153084
-171708
332250
-97655
-418266
-104394
251209
265931
265810
389396
419983
367005
463862
-476370
-108952
354983
-311391
-150608
266527
-369496
93462
-333303
-479587
-140500
240674
-491578
276645
-313401
213991
372332
-110208
190218
205187
-358640
-90239
362385
349914
428097
399523
336952
-460053
80057
-19256
75699
-188316
110061
460490
-413153
-59479
-271514
-50816
486030
140426
303790
-293553
252015
-282025
-164094
183423
391899
-139663
-294682
-230975
-202155
-473744
-192601
-363958
475183
498667
-22938
-95191
365168
57779
-279748
-419692
-190017
42063
379380
476889
270083
-406576
418952
305963
-351743
414871
314252
62810
135174
183003
-379610
144790
413698
-220069
-98804
-268769
-393126
-333951
-83461
-39617
-441289
283136
-295171
236311
251683
344162
303473
211918
-27184
34106
-10347
-82621
-246673
-70142
472438
-372852
100465
36138
69195
-214006
49804
107089
184538
-77774
-328004
223053
203282
354730
285901
188163
106857
168912
120871
-405179
263290
299732
-125603
-439587
-272156
342480
402313
346136
-16270
-24816
-157159
-200549
172140
-10140
-412942
60354
114752
338787
194025
-85405
87577
203787
-87958
-47049
-294605
2146
439725
349796
-279424
173589
243000
218656
402870
128883
95824
206148
368093
105787
-265985
-123612
-486568
-283609
267887
-33444
72459
436286
318067
-367203
-412408
-456576
316749
466002
-28026
-302818
456440
-160519
249493
-478632
166772
246770
24986
368434
296947
84336
-154906
244757
-222526
-120778
249988
226697
-323820
379273
-287110
-326236
-111956
472960
-153804
233945
129389
-390024
-177247
-370670
276382
-126731
414317
433235
-38078
222990
-271893
193908
123322
-160645
-174974
-433478
-360061
83417
328454
232417
166431
442402
-231097
478372
453150
-478457
-168545
-416243
-357597
-468232
42604
418086
386518
432890
-238253
456741
70811
65421
92221
-12897
423129
411460
-306033
26469
378646
413061
-465280
-158174
-93945
381126
321286
-134601
-411858
21550
-178029
-277261
333954
457563
-491960
-310318
496414
482229
474847
-498207
269149
265385
-272098
-208205
88118
473473
-118208
447682
-297113
-156134
325691
-426687
-23990
-82734
-235112
-339462
237738
259239
229326
-363370
-302219
86286
-99027
-417623
-424580
-52135
-409727
799
-351964
98945
-179350
-325032
173636
393908
-155159
-87003
20803
-94979
-447054
-161311
-344473
372597
-305108
318854
495371
263190
-275221
-2964
275382
383819
9618
-165858
-389098
440259
120866
-459934
271163
-159949
173306
-386140
10686
62577
-364831
-1128
-180098
-382569
-166986
-16762
329682
129926
-467409
317917
446950
-212253
-73447
241659
44452
51439
-274492
190232
-52360
-990
-63565
329170
52487
274330
336584
-239689
-490045
276046
-445384
-329522
496345
-337162
340319
38498
248999
-161315
128183
-474142
336960
-100226
-241580
-145735
-37774
125968
240992
-477131
-14277
337964
-186555
106553
79723
-94476
-151176
23527
231806
-487846
428486
175172
-90941
284621
-427382
-259552
-121943
-181774
-129928
60533
247131
300311
224735
-2475
-28631
74894
-51187
205127
228625
476529
12230
453821
337706
-63996
51872
-263605
-438463
189858
-456571
432426
468912
-496206
-485461
374802
239
463031
318391
387979
16877
260624
-483574
360279
-168433
-108076
-144325
-144970
-118407
233936
-332947
-110167
-430909
-82875
-125943
439473
169846
390208
209537
-338624
292156
-472274
60157
158238
-333076
-300797
275092
-408887
108266
246522
481313
394563
-5767
246574
136017
466399
283468
-313461
80162
-332644
77566
-407847
360818
477828
-261707
-118082
-448426
-413991
441083
147828
-395090
-109655
341697
492589
442315
39950
-457384
259555
-246212
-438932
273843
-190593
-389139
-420976
196478
420695
242563
-92066
-187729
347191
-441589
-271303
452607
255734
110640
-116635
-419538
-315797
492485
-297173
-386910
-409444
-404802
372554
-253690
-342401
136759
-457602
96205
-359403
-74050
304128
434982
-63691
348353
372083
-345691
470392
-374434
-86444
285888
277043
252765
282410
482698
-209334
123740
481502
-214624
86016
-481129
-359137
23
479215
-310574
57038
76574
386702
-466363
478652
119565
8354
3451
-153576
492977
247106
203856
269563
-54446
-25336
929
-151394
-439439
368676
-497234
-129851
92569
-214190
62417
-266735
105920
-273068
-383302
-268934
197481
2220
-494897
-322274
394218
68042
229244
438204
-389527
-76303
-127138
-327714
51234
-45978
-275003
5163
-274280
363517
-185608
380966
-206137
-59330
-119027
474761
121627
-458960
98862
-369139
-62199
-105794
-373233
-321434
64223
7376
-221762
-495609
436695
150270
429542
322933
-221153
58453
241377
181793
-472684
-125752
-74120
-249467
456520
168122
-316091
302401
-276097
-67969
445328
29785
16109
212448
141039
-353091
449072
-463652
-2699
-390073
-388931
135274
376702
110083
-156271
-300267
495830
172103
-100712
-218089
-7235
-318930
665
-283621
-384192
-132850
158495
-244431
82335
-382464
247442
-342582
-37204
-477259
317220
-302193
-23019
-5352
484243
-407864
-95129
62654
-217745
461175
-242831
-233768
-35405
303990
-31920
-13056
-417387
282746
-66679
430093
-429389
-296108
-211019
-298654
19665
-494291
-272980
-51819
-270804
408562
388037
323633
208345
246661
137599
-120804
254871
-373005
-53176
-452098
495374
-108989
-453900
387162
259466
4489
485402
-455323
107409
467556
-464473
20817
161325
393792
-492158
-369437
448045
-98741
-241862
486259
324253
-80325
339821
-475566
-172175
230561
80848
42915
365625
438592
254863
-90820
436902
-54275
-84527
6302
-467200
-451319
-142887
221129
271001
203380
464874
-143528
-377452
93507
-265782
35783
-338323
266036
152830
-335846
195103
197089
-473111
-20403
247097
-289845
-147221
281032
11925
-286579
275930
41583
-8834
-293086
164188
-423085
211328
-390754
121851
-379612
-212398
-452258
-396976
-249043
-363022
-426006
333875
91817
165730
-100189
-62549
396838
-145588
445765
33962
391946
-42597
387016
-316183
-273312
222372
-13935
-386996
-372082
311450
-414630
406321
450737
-396169
-274438
-233826
339232
-420251
435920
-41774
-334735
357357
-178034
1620
233965
472052
122006
-374542
185656
-35720
-192244
87563
192567
401608
229237
31261
-422349
-193698
72761
214930
389888
-77169
212788
-492368
198448
-445507
-420063
358051
473385
377505
-128664
281633
345943
-141624
369086
125541
-123642
172424
250069
-76275
-440757
-227685
360105
380312
117663
-468976
-488971
381793
-440059
203884
-179201
-149125
-55736
377168
145608
401952
496436
126218
-171436
-315346
-498068
-141744
-8886
385907
128639
400636
280838
-369533
424068
-17367
-197916
115262
262562
-35516
302105
241341
289590
-439485
207706
-319504
-203275
-276691
435210
201470
-304184
361530
208598
-340663
-385114
-75062
64577
67837
-34479
128306
455038
90232
417821
166014
182788
-387771
-162114
-369672
226814
-358395
290588
64305
494261
-100545
263622
38493
-361382
-444401
-126193
-313267
-185866
45227
290522
292221
194483
-331911
-397245
400508
-401992
-135336
-116706
-334191
432304
393581
351814
-464103
-253204
95765
-22534
465498
228056
273333
298754
-392458
493695
-205345
-93742
41800
-48228
-439054
-233840
-206282
244169
-84748
-5579
-192592
274571
32978
-424256
-65567
-405146
244346
132764
-87037
36636
-94173
-89659
145834
-145298
-478395
-334679
428250
263860
-127576
107775
171198
-36792
352607
125212
-251190
495043
460866
-87057
-451946
476916
247793
-44767
-297774
-135976
-217749
-426068
-250750
-275073
166932
46179
-476276
386522
-255976
219797
-137698
201932
-413225
-119045
-485552
64838
115398
-43957
-64821
-186432
-154344
375497
-162548
320057
134901
101508
-119059
-372118
440649
-354325
-268925
-175911
-283770
266269
-350988
-174493
73063
256169
-158310
-456537
28905
59544
489358
398367
-162394
-288783
135607
29453
-338587
-161680
-195353
-328918
-77066
-479663
98220
15990
-17441
-56029
140617
-491204
385914
-120769
332718
-227758
-279455
339687
324942
195335
128105
352823
-498880
407335
-205609
-429449
425073
-331235
-66547
-350245
-224679
117861
114738
-295001
220664
244869
101127
29912
345584
-228281
-239009
-397081
405629
-75661
-61934
-369126
-285399
-90060
107285
-278862
434895
-9193
-52042
193588
112459
224126
-449361
-84252
-350245
49930
-228209
-444743
100353
379536
-253765
481777
-363667
-99269
-33582
-344750
154581
15897
-408750
45925
-383929
134196
424850
487087
-136269
166262
37566
-158615
-110070
-196262
-432199
-263280
-187928
-312538
-81124
139523
340075
-473242
-313343
44933
190358
-486402
303741
-194918
235290
230896
47136
-381114
142734
185746
421493
481554
304178
101260
-295085
-108708
-67750
-405535
-180718
-40038
-244149
-142575
-948
48282
24240
-308461
-315968
-278165
65308
-155797
-296126
316532
-193896
-125578
356456
54193
-181037
-358649
275617
18191
460779
126478
-461759
-247395
-257162
316753
422638
442618
76749
-152882
364003
131226
-97772
365187
53777
-337994
101877
-380769
288876
320436
-65959
-222877
357988
358943
-378122
98774
483691
-303485
-111353
-39100
-333249
-458428
-150921
324473
-230451
335377
117629
-87061
7060
347716
211198
194140
327250
-297999
5983
452991
199779
-249385
-419283
-374690
221134
-57208
221767
434916
-152668
228258
103661
44423
233554
148002
-201931
-191489
299694
-247957
59927
-371512
-173351
216791
-134856
444022
-391666
-282865
264243
-63229
446577
291844
-258737
-344837
43582
-403495
-399843
-299087
-77223
287291
-78070
-277278
325117
-467055
220472
-6203
142400
286314
451680
-62086
-101790
96980
-360690
314354
-216603
294258
-392548
135765
-438417
-260429
412461
209155
332175
17513
-38080
349637
-377493
-371006
-387779
381530
-221585
241402
325080
375964
-104078
488608
432188
89979
221082
439790
373579
10868
264059
457136
5092
299778
-4437
66210
149666
-425744
114527
-140903
392051
47883
454888
283767
407516
-393399
21030
-175390
-181452
-213019
417456
-477513
142900
29854
408464
-130432
402964
-264032
179306
110897
71527
232915
-473114
452316
451883
17062
-185263
254290
-205316
-275798
51753
-77726
372273
248532
316806
-226828
-61593
-218180
-89432
-453763
-156399
258015
-7567
195016
-144011
-419558
406980
-98665
-354733
201831
274594
-121643
470158
17854
-367006
-124593
156268
-97312
254391
-378807
-233709
-162965
494965
-146153
4816
-83096
-220175
328140
-469955
-206658
445879
-73824
-29304
180339
273628
295978
-123610
-361266
-374921
-395192
-194624
-51985
37627
-142309
-212900
329621
-295591
-469262
449403
-336066
318323
-378735
-181080
229028
-444969
-238482
144145
-238682
267795
228959
231259
377724
-464832
-322469
-164215
-336959
327874
48333
-222043
174258
177357
319853
-442925
186800
240940
-214522
-424713
-417353
-141386
407061
-432656
433813
4486
-356059
149460
79569
-341839
462099
364720
61021
48105
-67856
15880
-270692
-164938
-252414
-207695
-435423
227121
140399
259774
489454
125600
102709
76116
-32507
343203
228165
-245580
-35791
-211693
-480277
-217142
-373171
49909
483213
-486364
319633
264984
263130
-218159
-115585
38802
-356040
-68311
-216458
-94476
-493847
228745
-64381
-339893
297101
-330068
461135
367853
408445
-176102
-415302
256544
-398187
304082
-225286
-140467
-89078
265789
-240789
285177
289322
-13417
350439
347833
425848
-186241
-480499
-422423
164531
175271
12712
-206177
191175
-61038
274281
498219
-132922
-170901
-469788
-179873
-63479
-125359
372600
-350393
-375288
-109339
-135743
-304472
201195
212443
-301562
19644
-368064
94323
-247829
387971
77202
403503
217587
329154
248492
-304026
-40072
-99398
113138
213617
65363
294329
397666
-444582
215787
-367995
-265722
276246
-38065
114268
-489643
49827
476232
172577
-260363
-272200
-241923
181314
427121
80020
312606
-198958
430381
-150217
239997
-2100
288689
-343228
-155424
315137
-350822
-360518
-98531
371158
167850
-295633
-25360
-301113
-380011
-59180
-160047
389169
-356214
-354084
-208793
463196
-195405
-362289
-244911
-11961
353451
-144074
-374636
-404553
15149
-222838
-163813
-247324
439972
-445548
429914
-109202
337043
-338295
59996
-416559
397291
-300653
22075
5094
-296104
316777
-432643
448479
-330118
179207
196664
220922
460910
-148363
-402051
-270572
5660
-270899
177462
-285113
211048
-93464
170337
261183
360677
26145
-49124
165754
408364
-217497
-263823
15897
347612
440857
274983
353548
252459
-399771
269885
-370512
-142261
111645
-209350
209968
-415930
89781
175108
-208402
407273
276065
265751
-87239
-281638
167872
352163
-28688
-440045
343832
257600
-182065
-119992
-161903
208534
-193254
-219838
144225
-127072
-190777
357846
499272
35870
87923
290770
-268775
-140183
-357990
215928
-268108
264473
359616
-373282
-221336
251730
152613
-306521
327936
-383624
-232777
-100379
323073
437597
-322767
-148448
114062
39255
-35735
232515
67979
-222034
-294967
-158539
-429380
-385221
-264934
-132234
174807
54714
191338
-179060
238339
-114235
285239
114449
420526
-415812
425293
117155
-313308
333873
368124
109769
-153197
36905
401933
-63744
127640
-11796
471573
324014
257051
-251159
330337
-462855
-96096
325396
426016
285671
78792
-282347
118588
166172
37407
-31204
410272
1668
-19380
-310998
-480008
-444091
-473176
-73580
-172064
237936
429663
-391995
-239666
-217847
-276104
-354583
152607
-201259
337118
-469883
443696
-433548
434799
346024
-466338
110377
-73348
300873
142268
452630
-33830
411861
188609
-25720
47505
245380
-317208
-181361
-118237
-104730
234301
-237847
222928
-330324
42506
419231
-299005
-136861
-300037
262281
58477
391731
-476976
435211
424030
-427303
158163
-272600
-488035
45156
-343741
-20246
295597
-444383
-247241
458756
-185000
-462274
242842
102288
-181580
62806
195583
-341250
-415277
271418
461116
-302069
498190
-105406
-56979
-433228
-300011
199362
187731
-252621
-354869
-4889
86979
399829
35157
71459
-399516
29222
63952
-200991
-376610
-270364
307089
492260
182789
62233
-188301
-234998
-55228
26342
-185198
212455
484247
363518
-451482
-277104
-137505
-453291
-394290
-9038
498984
48982
-420273
53634
235715
-153493
201829
-229433
-249126
-191512
-114105
-465052
63141
171436
416993
-322579
276536
-165155
-81281
121151
-120573
-72014
-122200
-427206
-122901
340144
-283479
389628
35306
306072
38954
-420325
-134349
-218250
424929
-295574
-334710
-311067
290094
-141822
403812
198818
-401963
-215358
-371269
300793
432462
-32996
-186080
381454
341544
-354039
97038
-76004
-86540
-428798
-186532
-422250
-190306
208843
121381
-494652
200627
-1672
55001
-457154
-26665
-66614
386168
-199072
-496001
-304741
389144
-293173
45072
-139364
-221925
277694
-243566
-265065
78362
-385217
-401941
357847
-24603
328512
56956
-127589
-248135
344240
470714
-421636
-318265
95115
-329197
-354411
328722
-186138
431948
223290
25618
30658
29711
455932
54906
422867
3981
89803
441890
-492277
319314
370465
-359962
-389325
-98484
175847
87835
-466583
-432973
323265
-144861
124640
-174145
-323533
44935
-309159
-305408
-211210
-3712
39097
2215
-7807
49223
-49856
60727
457573
325827
-56120
-312863
78686
271989
-439727
-283740
-427477
173600
-200234
480102
-213671
-266606
-196230
484280
-295046
-433564
318282
83366
-341816
116743
281667
-354515
-376632
-300808
399883
-450779
284790
-406928
222952
-341982
450233
146727
122644
458520
204769
-168790
739
389942
301858
-94035
375520
448776
299280
102234
-240540
16581
445902
-461691
-295668
-156064
41644
-44477
213931
-338535
383770
-488931
-151446
-56034
12162
78308
-133723
-339398
-105107
-419161
159640
340589
-31563
292636
-142267
216377
439564
-53834
246882
476450
-97335
-413161
318330
-426892
347292
445810
175269
203751
-198970
-386333
388260
-138738
45615
460179
-67561
-331532
-201055
-355041
119215
-38355
242517
-457864
-41962
-417242
-458462
268534
319440
-361474
120450
-354252
-294442
-127540
362010
-10219
186574
-156776
230642
298335
-482757
-201028
258924
173104
357124
-289722
-46208
352243
-344961
29342
10682
57173
-185466
314828
-41735
-400331
-183367
5721
299638
192141
-123751
29467
379692
-215314
-430249
-152851
-398974
369066
42764
-459062
24252
-301002
45526
-241141
196955
80616
-492245
17776
256146
-206916
88394
-168677
-202244
97265
86821
435281
-482352
-499040
439836
29288
326250
228170
499857
254067
171085
-225734
-92013
-417796
-262221
2305
372377
410344
162790
84316
-317453
103102
-320133
-183526
-236596
-290933
317272
82010
-332629
-381908
5996
-418833
-64576
-490942
-166137
20434
-101876
234731
-171538
-9338
-427909
435175
-14842
214867
-461563
377296
-160429
441186
470289
-187970
281678
310923
-404658
437287
-85735
-392385
233953
-71478
331901
168385
63482
-406399
-432306
-6863
-403861
324655
-442087
447885
-423338
5974
104571
399510
149733
-282533
215328
43072
340958
-479605
298369
-132020
439206
-314954
45375
40062
-211501
-131211
39495
324319
-5056
191348
152255
135290
252557
92966
-499517
352817
-138822
89775
425589
490951
304084
237374
155522
-190250
-225312
359202
90200
149005
10863
-340001
117301
-43991
72574
-96332
-443915
204557
78018
-116271
74280
-122905
-327866
214191
-111304
-304336
-142529
-22152
-94846
292948
422451
-403941
307796
-425457
-242249
289144
233087
100421
411863
-230766
410021
-258706
225230
338395
-462605
176273
321048
22743
146821
426970
-349241
494011
318883
358187
-243277
-283291
137885
-42171
63848
-412888
367188
441296
-1217
-255801
-146899
479180
-103938
314871
-431082
-287456
220214
143752
495241
-116485
284366
-24092
322424
-17344
-397849
130077
470187
-408373
-56499
281795
338781
-150123
-425522
-101606
-262380
238738
373529
-120601
-69551
65581
443209
-458613
-406151
-30853
-427274
-221086
229772
-321490
-264599
144309
-324946
-477502
132810
-23050
-341618
-451638
-476713
-1113
-348335
-142833
-145123
37140
231963
249491
-420026
457023
-257580
-25180
177330
160113
325147
-444584
212054
-467289
119582
-479610
-357837
424835
495372
487885
-334394
-404155
313684
-24680
256098
-240428
12784
-283542
-351150
-42033
-116389
230282
332780
-497110
208171
-361279
145277
-72779
-141139
-198256
-404540
291194
395861
-319474
-486967
227689
403925
467036
-230449
149389
356553
187381
-124932
470477
-207849
238325
291270
391038
437677
-432334
-247323
-128168
193588
405274
159135
309255
-415441
-347348
260389
-220259
-125422
-354082
250728
-462117
-310933
-320271
135173
432771
-396469
-155580
-186731
179928
-317505
415486
252944
459966
33129
-372031
280921
142839
-311111
498746
-442326
347701
228085
-91952
283203
498890
128407
-18416
-439141
134151
-340225
192045
-393510
212571
-76677
100398
398890
-499797
-369901
-84514
51834
-353532
307041
124975
38185
226874
76458
159803
342392
-340612
172741
-54940
274973
-239200
-249911
-332845
333900
111619
253729
-433513
-154008
99774
115018
362499
218084
31664
-421113
-76630
-149890
353320
-471118
-173612
-318291
82996
-264762
-450764
-205893
-38467
-117213
-281651
115474
-434461
120106
-128842
315533
-85935
156407
-31542
-29090
116354
-95249
226670
-250856
-328230
-16024
465813
-286735
-392728
107260
-126506
257865
-252131
179561
46155
-83357
-414017
372456
-478870
-400562
159047
-37264
467167
-306170
218885
-473629
-106584
357635
122947
-321938
334011
-486341
-453946
35437
385954
469619
-228570
-255256
443028
-465999
-248638
274789
-68767
160349
-421352
67741
204201
-326473
301403
129558
-444224
145635
-432318
-401096
94830
-162905
-56312
284543
389059
-485724
240622
34474
199697
-183478
9999
420383
241401
473769
431799
-161746
162142
438742
275913
-81854
-74002
-360051
140295
-142223
-351493
234023
-395074
-41190
161446
303314
47075
347958
389059
102453
464130
-422612
186057
-344973
-386490
169613
350171
-362077
-174049
108613
146367
-179098
291900
287239
-17610
481095
-271558
-96815
-292904
193342
100709
230046
-493760
425532
-216677
326372
-354561
343714
-388162
179973
277730
126251
385444
-16811
418688
-2581
181644
305687
-96367
-219705
-166824
157921
157397
267680
474910
304123
-168439
-352365
8128
342316
-246569
498262
-454824
-71786
237590
-230631
218470
-171620
234576
374115
223214
32099
-128043
-371966
452350
-111640
-126252
-106459
-86991
-92627
222947
57158
-484357
363650
-377816
-447288
-412228
-218879
-188951
-445643
63641
139246
198310
-435885
-201119
194440
-367432
-301708
18688
108819
-367333
-330789
-71437
-276440
192933
-198838
-54952
-311155
-357360
298010
485594
257018
463587
-327128
383076
-478100
363601
261133
-8188
-399216
-135193
-431895
-120364
-306413
110972
189146
-164873
-247063
-90486
349841
-264457
-61471
190050
453486
-264430
98929
160706
-404022
-46071
-99121
134823
-285940
-394487
198644
-447090
-120086
-374110
343378
442484
416947
-343935
-499888
319889
436078
-285297
111502
491650
-167561
-73870
234656
33021
-403747
247561
-234105
-336976
312665
145166
-63495
69539
-6709
404985
-309609
498294
475047
-425848
216043
229202
-192163
-121582
460254
-340362
449021
-182901
-233695
127699
-26662
59472
-467763
-197750
-55472
-207059
418361
-422002
-124024
85681
250911
93746
-214629
-445730
-421413
171000
-292265
-411236
468961
233067
29178
-308081
367637
352951
137343
493185
44563
-114766
424617
331257
337132
406601
-424986
39395
194076
-30055
486005
-139407
-104287
425549
46152
418651
245498
-356109
-190815
-223437
410322
132397
-147644
-423395
92955
273795
455865
-189237
-291777
36780
-177769
47326
382853
-18485
442433
17333
-76180
407997
286716
-7407
-373124
-333786
-201001
324229
-249539
285344
-120309
-390116
384123
268101
-431688
-283374
233753
34677
-62412
288700
-158892
57952
-247388
-177733
-314871
224466
341248
-129353
327987
-487537
-174873
449803
-430701
299471
-116535
-290971
-127912
279099
182002
-418462
-425784
498157
-15109
-299297
-100061
-84013
-86855
-230139
253591
220373
169559
109432
-265498
86204
491920
92699
-396249
183425
-8813
203150
-124874
-388201
249398
-425137
-400465
180091
-125777
323115
-105235
361696
454011
186456
-376262
-218814
-170172
368225
482834
-495801
-104969
-192239
-188802
-301316
354485
-173727
-98427
221846
258218
-168958
-385179
-40936
-488138
158209
185141
308453
199695
183612