-19640
166892
453888
-180301
-310627
352339
177034
-107566
-235096
-280504
429153
-63236
-336592
309164
432574
-486995
-496814
362018
-454904
-184302
302366
-384306
108185
-326915
-7623
395045
175632
-56524
-154427
-344392
255185
73535
-149427
157971
-382848
-42193
282809
237000
-108210
243364
-182357
-451719
-440450
103998
-75492
389595
366999
-323018
348205
170217
-39380
423338
415531
-312469
-427596
-175311
-77826
107851
209527
70228
163472
-11479
-53946
-346180
-440774
288486
-332754
-84555
-113633
217415
183407
450412
-236149
-190992
75436
-95728
-175077
413804
-100023
350417
-103956
-140555
487588
-124252
-7727
-274197
-266566
-334483
-53252
412827
60891
-389625
292146
-134846
87662
-326659
-482876
-205699
-432379
-353047
-79254
-55760
312210
-202031
103141
168008
47610
243342
-376416
-283792
-327177
-44161
-161464
-385021
72904
28260
-407195
297646
-368550
-485503
130497
421297
-342879
76418
-314027
89922
-275471
293898
421608
-352661
-134523
-121604
75842
28335
-64649
44460
318195
-487764
-114589
-154363
-422180
471593
194002
-230461
223958
139112
-466761
269360
339958
6172
-289503
192300
-317890
51499
-313850
-7695
422496
422969
209382
-200440
315371
242789
27979
147219
-252086
-178858
340559
-469501
-206411
-401729
-488205
69294
373859
-428678
-415247
-312471
256078
-221760
-209904
483243
228140
-18059
130680
439915
-363450
-160310
-407049
28941
430822
321313
-119934
-215803
-493254
-304875
369277
468134
176254
44492
313631
411387
-353763
-146896
188614
-60688
-5833
-106175
-381359
-54539
-419274
409994
34575
382792
356848
-13695
88517
-289493
169209
118482
17044
-249814
-386881
53258
-287824
-313797
253486
-83974
-451645
339682
27792
-154979
-223286
-394902
230323
-137430
422802
19020
-345637
-37961
103671
31597
105472
-26529
84
98326
-222389
271144
152587
330997
-207613
276986
393691
-20781
276119
-283156
459890
33549
86675
4684
201713
-414763
-253528
-75447
262077
294987
-258314
378240
155659
-43091
-301709
-5874
-229186
-282483
-252397
-241984
480277
-438216
-413380
290675
-75650
152867
-278610
-12723
-412020
-113066
-79588
-418254
287757
322855
375998
-411556
-391115
51514
302569
223957
-36110
-175525
-241255
-281532
-41070
-487379
345721
117472
-301942
-433227
-394809
-451544
-61569
-369707
-411350
62195
386704
-315289
484611
201597
327457
-254157
-183838
-187300
136375
-233286
212237
-390891
372769
466920
45487
214193
-461811
-430975
-280841
234250
232815
-417274
-57021
29650
-85682
467240
-104343
457074
-486506
47378
301239
423799
105639
322137
389116
394662
-154533
-115266
-75271
21242
55193
204065
-92555
-342325
-69271
-208585
181931
174406
-999
-131220
243508
55448
422580
213695
-127304
-346312
192753
-331504
-394147
-244933
-62987
244359
261448
-361737
3023
-336363
-259680
-54669
-456157
-278841
-393425
231165
475838
278937
387868
317702
296426
168810
-30285
-86902
-13713
353243
-120572
-372141
41889
-193733
-465310
348661
158316
491055
147281
248628
-165870
-361225
-459105
-256525
-278661
24109
-248523
-278168
-369929
-159399
186636
-268170
-110329
-446558
479298
84917
-233698
121764
35808
214613
359130
-12518
251695
-403461
-187526
-317765
-184114
309
-300445
309887
409682
-272762
-409183
490992
68104
-249037
-346100
130764
-134194
-145326
-419477
-67028
-170744
-67915
-366562
-468550
-440852
288084
408634
-90991
295613
-130708
495320
-82669
-234096
385709
-498747
-98571
223027
-169970
289946
-399859
455848
-255855
428508
-465590
-199435
245231
-483205
-390821
-248816
351266
-72126
-11102
305608
-283750
477187
-370093
274141
43613
-12929
-6355
-231206
471868
-143798
-310840
-74524
370490
57461
-316482
357780
24301
189259
-231400
-299904
471458
-463714
499034
-17714
137801
-108412
240320
-485541
-373792
267265
-499962
117382
-57701
448798
-54673
-2882
-366244
-445478
350635
155353
248835
303433
-332223
-16166
-169373
423889
6013
-330295
300212
-389308
179878
-237520
-395303
69730
302414
-334058
281026
470490
92408
-280481
191141
-477726
499476
71408
-388991
-180250
223509
421100
-194277
287281
-129063
354009
1659
331972
474137
65722
-78683
-82239
-83335
428435
286515
-195246
221973
290407
274048
-465447
86300
372113
347899
-211524
-495469
-419607
-332047
408245
120030
-219293
-126428
416952
-248886
163311
346411
213229
398996
173287
-171055
-188589
12510
53708
-308865
348303
-184747
-387768
113228
-373900
441301
-111069
-347989
-467881
431635
201458
-164732
29563
-478025
237746
-40934
-322995
-59880
-301641
433775
415724
-51770
476500
-105097
321969
-30378
304100
-383237
5451
154871
448071
-278004
59516
426545
-84012
-133490
-485235
-287105
-99370
429550
52921
-11191
-90995
249051
47165
-243740
314255
-171548
123483
-271376
171385
39583
-490768
251666
139523
312300
128695
-410422
190933
362575
-432899
398272
70344
261029
-141829
403013
337563
-420776
-61538
96994
125557
-434741
463090
414388
393145
481169
41221
-234032
-18555
316949
481226
291958
-367226
-352410
-160085
439202
323724
35872
97628
438495
-242854
224333
-115141
-190968
-107089
-240889
308499
462692
-192756
191223
207877
468817
-328633
-305495
37970
-90153
-254770
89155
387486
-72575
-442294
335366
230299
-31595
430554
482503
318700
-144396
-293721
-298066
414782
-356976
8221
-237490
-417068
315628
439156
-474202
146578
-315659
80935
427133
192075
193820
-26636
317902
355818
-187890
449059
-359494
-82865
387421
194266
448787
-12460
-93480
-76244
-397536
-52001
61760
326287
-70719
433871
-192550
355180
169008
156228
-89818
110789
-244753
-411157
48907
-376422
-196986
-173566
56329
-376241
370924
73621
-409991
-487106
485060
497557
63132
493072
285410
-454389
-393759
355911
-280266
-495262
238811
-346016
-487568
-296920
263262
68732
353014
-351371
-433452
461064
472692
80702
-466963
465142
-13003
420683
334947
-885
8862
-433949
255084
260004
269826
67942
-222483
-62414
173179
-226201
293107
-352389
-85119
429920
239744
68071
381362
-185527
-470501
-406924
-419885
-39237
-319020
-155289
-4066
-447350
27221
17385
-497349
-360075
353719
-225506
423750
-382461
-400599
197087
211887
336012
491440
-195368
-472611
489966
-462180
-369475
-478670
11400
491402
410759
-458194
401759
-245036
-483340
-62912
-198757
-410530
37554
301237
-477183
67925
-404536
277494
-353290
23550
262483
242343
-183563
-172581
-176702
-403858
144969
216894
-237446
182353
59571
125148
376106
-154222
-63141
10484
-485258
-182329
446123
-57290
-184476
220996
473066
213841
330824
227933
406342
-160119
-105700
-197234
257471
-176061
114851
-463400
-490774
53180
435943
165864
72483
-431325
-351970
280168
-125855
-482007
153099
-471339
34140
-392424
-429077
-425520
-366170
-463497
-446756
-72619
-385400
136774
267363
-249014
163450
121480
-74505
-315786
81900
360643
274227
-289419
131719
-211562
-67701
25169
126261
34957
-48998
499513
8099
354215
178808
237531
-493627
-86120
-69692
-289786
-156724
478234
-460157
-161494
-307666
403956
-401033
-404348
-60394
-186957
-73559
127342
479013
70404
162761
-489903
443161
-48405
300327
373724
453471
-79770
324313
327346
249207
255629
-290055
24864
209533
175781
408126
57345
-76837
124592
-479615
288792
470274
99594
206261
263317
-377416
404499
-490892
414240
-221038
-170547
-55610
133823
-351836
81662
-65552
-154859
-215939
-462868
-28286
-253704
344639
-179631
149744
70507
-489664
-176997
382810
-52752
-242563
440580
282348
-489259
-141359
239616
-365425
82516
262803
205837
-178101
-307231
-415180
158037
296879
-92922
-399652
345701
105901
421709
-119306
-403252
55052
130443
-299170
11620
-271120
-332371
2574
-373393
-42899
45637
196636
-333251
-360796
-459170
472208
-225130
-438558
194051
74733
380476
-246228
412569
83843
398746
479487
211836
240576
-417445
-139463
-150730
-429186
-130026
298530
312138
-77973
247508
-51404
199720
-149735
-176356
173141
-324938
-230741
186336
-433979
-8970
-93584
494740
-76590
424048
258686
-211524
215709
-493984
162928
-318005
-418359
348979
131642
29927
310296
177234
-10963
65639
-244946
-297607
468807
338740
355292
494862
-233809
-104160
-251967
-302055
170766
-402205
-168749
-432246
167073
369590
-408017
-206283
153773
363365
290487
-74076
-261774
-322456
-312319
-258755
410260
-463800
-272040
499874
460836
494061
236785
17343
364323
12388
346698
332142
-375336
-249786
20956
-358961
361795
27475
287206
-453754
-132778
368544
400625
-40497
254303
213081
-452464
415476
74103
66480
292297
367691
-313814
-37342
48117
176249
11206
457828
199136
-416855
272569
101997
-409389
13783
447570
-139919
-222481
99640
-308824
496532
-449871
484561
-267508
37114
-13137
172235
393379
-147610
75541
399512
-18130
353651
-349082
-447014
377288
136085
320668
-242763
-215273
434584
-95460
361662
419407
-424008
268033
-194787
-7016
485450
341679
-432727
-206720
-314557
119079
287478
-366056
117265
325618
388806
-81068
-59103
-208681
-349984
-346044
76075
-151097
217191
-321645
116011
356529
-450641
-283810
-10325
479449
-240843
-276431
418182
-266594
-316017
415897
402370
-199890
-305979
93275
-281222
51239
306857
-204774
240531
-7962
-35173
-41079
-382419
339334
-107740
-495600
-351604
223018
424183
-179556
-304838
248566
196243
-406334
-20432
15118
-49839
151386
-34088
315498
227100
460800
-368690
448576
-415928
-412213
-377804
129610
491113
-1496
222868
104184
-98364
-106091
-10427
402094
-218207
-248188
22012
368255
-450765
486527
-44023
-355848
-140271
208658
-20032
149839
-131398
-294589
-346738
-136638
-394975
386135
465227
-475587
100486
152493
-117062
27396
-327336
-458558
-262055
-441960
-84046
-73304
-450292
497519
-303911
-403847
20035
312702
-381265
208181
360359
-410913
-466177
-409320
-4365
-392588
188197
-396346
198430
272643
-460744
310837
-341490
13886
252614
-37866
74345
291768
-91624
375200
143653
-420562
-354589
160218
264162
345244
-451630
-294063
-354192
-457252
357418
277078
254094
455997
-274160
376379
381938
-46275
-465950
102572
116303
-391647
-280912
-86561
-51467
-202251
-400998
-307566
-215719
38048
364201
281154
-15369
-220414
98066
-133667
-211716
-360336
344769
347694
-151776
410533
210923
163975
-178288
-86326
190280
166000
-468767
370453
-162723
63490
28947
-428861
-438194
404433
142111
-377006
206066
7380
116597
63689
-438628
121795
191683
-187008
-996
-350312
-264455
-426602
469692
-145256
162677
55154
93898
-353071
431826
87180
-397863
272791
250191
-468023
164461
-241423
-411409
-65144
339248
432825
-190324
363335
60200
419318
-185919
-340166
-122299
128977
246970
398702
-18028
-17749
141305
-289300
-302107
247610
331976
318765
-153682
-190586
-32709
1910
7518
-426387
-122739
-291273
-476388
-440978
-80540
214200
-417658
78058
190573
-244375
-61534
-56708
-419347
-283452
23682
-129555
-418040
-122124
-381031
105667
229909
-183778
-304546
-316423
447148
238286
363067
-221977
138832
98148
-409390
221817
62495
7292
68251
44487
326614
201939
313903
318692
223376
273987
-399636
51053
459819
-213794
-210706
-36730
223096
-357186
75620
-429988
310406
364
285534
28189
333548
-456920
94300
-471595
-64914
46027
-252766
-213875
-245000
194718
-208840
-280542
-388269
146194
48630
359498
-324284
28052
-229342
264123
155748
-412127
-316451
-219406
198270
-315311
-274927
-300969
92995
48334
18425
206683
-156689
188547
96488
297090
266271
284154
-343645
-67954
316344
-158468
219253
-81440
-322401
219055
-362078
-61181
158628
-453674
-259366
309315
-37408
3862
165016
325797
465164
169319
348092
43448
-64900
55888
-400883
108593
400650
305193
46482
95828
-486960
-351475
492123
65035
-198720
-444832
-209052
-370607
194845
-441324
-74178
228316
370989
30290
-477422
94073
496980
-61971
-12281
125930
120613
362449
-408055
405378
492749
-499427
489258
-316001
-417889
42349
-386622
-465955
96337
151709
120180
407385
320205
-137478
-482646
-142054
-53747
-452124
-178963
177436
230159
139466
349705
-157021
-292080
473714
-237017
424016
398175
388099
155595
288398
-30228
-366833
-485944
485141
-300577
-364679
315328
-385972
338380
415646
-426870
-216460
20803
-162462
198479
-191898
55806
123086
-221320
145183
-394518
-407719
-78813
-429215
-332370
-412396
163962
127526
459144
215654
-286374
-350717
-375924
-420132
-431654
272326
288108
-375632
470940
372401
-210804
454754
-198729
-58715
-400604
-143212
-114380
-456728
-348613
-211594
-175957
401985
181850
-157822
149322
-348731
426117
244136
275777
-101905
230271
-66514
-113730
-401068
407104
-198372
-470285
418306
90598
-496512
87268
200480
-152565
449422
145807
-461034
375542
-96857
451010
-55365
-398135
-359669
139380
-425279
-458901
-186972
273360
-424756
-258373
13447
420337
445263
-460448
-220996
-392184
221456
-420652
-437078
250262
-289453
-441869
176649
-491158
385034
-91529
-156722
-317001
-18335
-163510
-375275
45685
-323022
-188894
89602
-126650
348174
-140484
152500
61872
74993
-221614
424211
361104
-485231
-450582
-442873
40588
-48081
-138408
-181952
12216
-233970
81247
448657
384618
-129998
427106
-458952
38818
91955
181139
-106535
-103482
-480395
143227
97503
221448
-273573
-319682
-313321
433005
-373575
-107672
81071
119243
239652
-15214
-8697
-273368
-25322
148362
428971
96337
-361544
94252
377512
-7867
448677
186489
177118
474886
153629
-233813
-105333
313224
-183738
395217
-375261
-35575
-102057
30494
-266209
179368
-75801
404835
144734
-291257
450154
-98588
213281
-35850
-124214
26849
-115454
125670
312982
-115425
-335330
190574
-445136
-280842
368302
-2364
169495
480226
-183886
-53882
-55487
-175160
-378044
-459648
238323
-288052
-340450
-408271
259064
-206206
91169
-75703
216159
-261932
9997
440646
304359
311388
-303177
-389084
-351168
373481
359273
256904
-469508
230414
-442314
-56204
227093
-55438
-7643
255286
-398501
-416452
271755
364682
224941
-92565
-468788
-366883
-189354
10559
-265325
-108129
323615
144119
-392020
-50321
-330653
-479667
405999
-362654
-54646
320142
1990
-408398
-293838
-471489
499747
-53511
-331085
62589
-103080
-178229
349467
-4096
322974
-498682
27920
302319
-47944
-77659
-297101
-339264
317978
418097
-435849
-427912
-312146
-436972
-80410
-310988
-368557
-103156
-327637
336635
-66252
-237017
-159921
370484
-369661
387393
316427
-187377
-337709
-448694
260981
-31169
238811
-73639
282128
-266259
132607
143379
253411
-434022
40868
250769
-355192
-127124
-16415
-74994
226544
129207
-137915
282361
20804
-213033
-155788
-408483
419810
286694
-491537
391589
299959
302093
-155348
-8966
-349834
-94203
-488722
-485088
35109
-60680
-20461
-395515
181752
-246715
-282783
188902
202558
129340
233248
380574
-89455
-287580
-314713
25725
-204978
78775
-265480
-42041
40294
351486
210141
122902
99229
-25909
-62570
-100432
-227141
342833
-124706
-480061
106113
288062
457781
-471695
-373973
197599
318639
-443006
-164001
-288028
410187
443838
222966
-29023
-90771
-126599
-216827
41911
318340
-248467
-469488
-478350
-1979
-411308
202033
480296
-325156
-119304
25002
115084
286592
-299078
81599
436707
-294009
261707
-349203
-327217
-18661
-115709
244375
38483
75559
-341582
-381914
-222188
-460355
58509
107511
23644
484976
-143158
-289786
68668
-216252
364241
341332
107328
453753
310933
-434887
204403
408507
398633
-87160
-334730
360150
-48551
-486517
-154634
-378883
-293965
491773
-232870
355361
196116
-79989
-417409
-172353
-158954
171562
15781
-202182
310594
-382928
285037
-156541
-401946
-426254
-233325
239197
-38950
433132
-489733
-16492
-258891
-428506
206103
264635
339243
290392
274741
-380171
229840
92109
151674
457146
-414772
311436
148605
-388790
151938
-313617
-435460
101071
-258357
-246369
49238
-59855
360550
-484846
431332
106146
-368369
134451
-371890
-153727
-195475
459213
191338
224760
187167
-452536
262781
114952
186521
38240
33918
-196259
-245249
342541
451673
-71248
390238
-126605
399565
157283
-59711
362403
-11770
449968
-150194
-148143
-474623
107075
-207360
304400
310971
465891
-58646
257636
-95888
-320635
451842
-425185
-474838
242290
-489135
76269
447788
-226603
125688
179788
-130892
389122
-313581
306447
-345983
-162178
-114817
-53579
-119353
282975
169178
-201491
145733
442105
-363106
464959
-367870
-214307
-373126
-354697
-170453
146643
-316826
288181
435957
250194
-425989
453850
57008
-302092
-224458
85892
3552
38138
-41565
-28929
233217
-261957
-211377
211594
-401836
332043
342805
476718
118426
-54463
127248
31940
-41781
-239958
63758
-201691
-438028
21021
230897
234277
126374
-277962
-484726
49033
-353562
182331
-252953
-356316
453334
467705
-149153
-15935
324867
188510
-296582
316141
286797
-122807
-63836
240981
-235311
-310261
-462746
-372620
-315917
368279
423140
-168293
-64558
-226498
-300415
221156
-2209
212047
-202578
213924
-364804
-27921
367065
-491894
-442229
-330617
161003
31812
229431
483246
-33030
-228607
-355789
-184171
100016
-218647
-124697
44432
-345065
398347
272477
16875
-10759
328926
-194837
-167513
-299795
-71437
238572
417947
435585
-154830
77737
-494765
-13453
492052
-387376
-359856
-380050
-49041
-375218
-254428
240582
-452759
53378
-217221
57272
384964
-235371
-183441
239277
439885
483455
121722
-386707
-153293
-282054
396721
303714
437313
-286597
-417761
426147
121007
-132881
-49930
-152665
-436770
267748
3910
-90612
-9675
64803
201746
134485
-105533
-12738
167383
3455
41251
398818
133003
488928
-433743
-229863
293319
-228814
-226710
270399
156594
-290366
-49327
123217
132287
-271852
22354
-147302
-60166
-173473
-149254
-214253
-81665
-440316
158128
-52869
-267825
391447
105213
-496522
-271756
92616
128496
465741
-484464
202550
-428819
-340692
-71499
157927
157803
264080
374659
499935
64745
-386954
-362247
-274108
183164
332586
379029
-395955
31556
-442759
292132
-112379
-326123
370826
419628
334281
-108206
-197833
-50397
-368246
222006
-122789
134515
-19847
-235800
-472884
143200
140669
119069
-172585
814
456007
-221200
34477
-17728
427619
-207032
-120783
-392547
343979
488443
-264833
-155865
396227
-90516
240266
413447
-235012
273070
-275342
476663
-192081
116982
-432846
-485093
234707
-33173
-478068
-138411
-469251
182257
484685
472235
273907
20511
-151376
214633
-268701
202315
-295564
-129582
275156
402650
67318
-208885
72699
319401
-342883
-221608
-264338
-183440
-275270
-89446
223391
461901
-427620
5373
-46798
298594
478229
-492173
23838
382053
-287012
-427273
-379511
-204968
184886
-136933
-85263
-440503
-231449
455685
-398614
465775
-26876
-42748
-215867
-275175
77787
96355
-406237
-206512
248654
-63026
215474
450913
255706
108230
66291
-20390
-492880
127474
295977
211242
-161417
200781
-169543
150818
-149979
-435376
83391
234728
-414139
19722
-33337
167042
-372520
-145993
484390
-67767
-100685
438773
436717
262897
-385587
205919
388627
-173453
154179
305221
-44458
22722
-458969
-103490
131963
483849
184593
120252
151787
-10889
111372
-320021
-364554
-34353
177203
-461970
245611
-366471
281220
-214987
209175
31751
72178
-72784
-406709
309994
384877
-426735
-12177
-3296
308243
301149
47258
84851
451728
-143257
101188
-77791
192593
-257860
-195589
327956
-142612
132350
-120119
-414226
-131901
-23610
-275686
-227585
264626
286449
-149998
-163895
24070
449186
-18440
-377154
-116071
258314
-306802
372692
50696
-355496
-388243
-106428
452771
347265
184734
-232425
-198866
-289383
224443
-34370
267854
27579
-230585
-124736
-370838
191987
-218356
-14192
87175
219233
461439
-213878
-385757
195821
175735
300536
-91107
164804
117227
87751
107362
471372
-193098
-438518
339205
-17543
396189
-45913
-325170
-458994
-276318
-427660
405581
-319199
286413
-498950
403433
-264536
-23913
184
-236488
-414785
369683
263983
23532
-462227
-253470
244885
-153109
56205
-263176
58299
484438
-344022
-325382
-252621
-290841
157919
-172677
376208
-61839
-217942
401533
73013
170558
493465
345994
191193
363390
137103
-11990
373976
-37579
-354569
-385805
-379315
420765
355155
-77819
-303188
307036
469522
193962
-97189
-9483
-61658
219026
19777
-346245
-53452
-311576
-480090
-121302
149478
-496099
-231978
-163095
-307172
156750
215996
288408
-77597
162222
18289
-207598
174310
267770
339373
-68223
287050
-150373
437399
34699
195150
-150451
-463982
364345
-363341
-135215
-75254
493592
-122143
-198215
218162
-354998
-197767
-468940
-27360
-77766
264433
-194337
-73827
251497
14446
440620
-412726
4213
-310380
-55873
-378534
-127198
465706
-282183
-117286
278352
-156294
176487
308834
-147584
339074
-485882
156572
-18197
474477
-354512
-468495
275008
407829
253893
40024
418341
476401
409987
-473906
-447805
342578
269601
-133910
107561
253763
315758
297708
395584
150117
-262499
-239571
-66182
464120
29003
367144
-296454
-493317
90931
-123809
-14468
-449347
433318
-255281
451221
-132675
405340
466491
441439
212761
-494989
437871
330526
388985
-388116
305957
365926
-52086
-271574
331543
-372951
273337
454299
265236
-304981
370618
26535
455333
420626
206663
-119626
-381143
-555
158393
-144712
210825
189642
-454550
171301
361867
139436
-98631
412818
-460231
-454983
66920
487276
-372792
-149732
376349
12425
297407
71988
267442
104271
-450914
94643
279605
241586
-306822
-267205
231569
142086
378985
-63306
-302191
-8041
263924
229839
-424161
-287324
-98362
223073
140363
163303
240179
-4247
-263619
-488148
-67198
-300792
-435832
354327
81804
482685
-370286
-296395
111218
-277567
-449212
82176
-92584
124316
-352074
395316
356576
484548
89014
-445609
-337447
204179
285977
-192367
461635
-232982
195428
114905
-223894
-178433
325210
-300061
46177
450028
367469
-393337
-329764
-414974
-456824
296495
111965
63097
-229727
-289339
-97890
379497
354370
444001
496142
-96283
33840
-9770
15549
-275273
11053
310621
-30022
-43683
358524
-251334
302875
398447
435647
338213
-191132
-228336
20910
-323376
248307
-13872
464267
267682
-156720
300131
106705
-458114
-395415
-23958
-483318
-370153
345515
492163
276468
135123
382574
336916
-459427
482065
-405046
232907
-272929
185403
269482
-185669
-21506
36141
-155239
147646
-296569
-351443
-39435
274105
-59990
-141440
-452065
86163
-185117
314778
326514
282244
-215806
-28671
-91587
26006
402937
-22689
-268265
-150400
166124
350122
221543
-173834
280978
-198038
251756
93491
289184
101926
-180658
23738
8783
58700
-464158
-243881
16676
8168
488305
-315296
-45349
-67308
432415
386521
-20867
-233492
61125
331948
100347
-258062
176947
-138315
-226645
123254
253227
-69190
203217
-101318
-156771
91744
-157898
188035
493807
-348162
-36635
254263
-396856
466409
451531
372815
-375342
42489
-163785
-281019
-489418
10794
487581
-92586
-249847
-262612
-72547
-109739
-92073
366031
-354177
279848
109756
-175286
208040
-303625
381355
481804
-408334
-304711
-104648
328474
-260268
32644
-112685
11558
-461141
-139499
471832
255902
-103600
-64589
-305787
332295
-132144
-426252
-415857
486246
-470826
-232360
465948
121922
-377061
318497
375500
-1458
209281
17298
214433
496100
-369233
-280533
-303523
-56944
469994
-229761
-411008
-494232
-288910
248725
-337808
-450732
-346272
362259
83193
-338592
229212
143492
-420089
300282
-141572
-477142
-491301
47907
-21097
259994
-113006
-101629
-20463
-169231
-107646
92467
269256
369237
417593
-282183
-430821
13973
118552
284510
175447
436693
451713
287077
83530
440057
269781
-203784
-279137
78007
-281133
107503
349550
-440030
447840
197369
-135898
-150491
132308
161781
-480597
420249
91988
-43866
-202681
79193
338734
-261814
-265486
22356
-30977
270408
-303862
-384651
-134951
-303456
197704
-75839
-225865
497461
8456
209094
-383390
-448960
118407
172585
333099
-60251
375047
14852
168804
257188
-325729
254866
265800
249496
110645
86680
27631
339132
292410
6529
-121857
-199190
231744
121092
384406
-118853
-192935
204444
-251627
-99329
-97765
275392
4957
233696
145197
149128
96935
-219137
293544
494117
-150135
215499
104578
-275420
-70003
269207
36437
-463981
162927
-370194
-179192
-164542
-454996
412014
487041
-28552
46055
360132
387584
393649
-389411
-194736
338211
-274541
-127828
-254873
26767
26319
-235900
-183676
260425
-346534
485155
-327557
33749
-275718
186229
168163
-388602
-281347
-147258
405616
-19580
-266919
31927
-489319
-461868
63403
-482750
-226747
-334794
-10959
322979
-346526
-299192
-275237
3599
360449
266136
306769
470591
122622
-376282
373190
142951
-280743
266420
-351630
498649
-351997
-275044
-247324
-79649
413664
244220
8904
-402525
48512
-460664
-252498
185381
-455699
-22740
363222
-169022
-364996
12541
-26262
311449
-109165
197805
345269
126786
450954
425813
487646
-362936
88681
-212085
-316528
-74188
25801
453084
-449893
-349852
404263
-279561
127197
71732
251796
119930
-26721
-499916
201284
-338142
-458877
-266979
-273659
-196617
364015
-261085
-491508
-471765
-252983
299735
399445
-31268
-377935
-175128
-17472
-175712
363149
-65330
326667
70193
215215
258624
-381943
-479855
433642
210
143011
428424
433950
-231903
-294575
-329969
-328647
-446702
-403265
-490399
-330201
-329681
460165
101807
9706
379864
-200034
121263
376647
176959
376374
-439393
174640
-398361
52014
138678
62105
-123493
325069
126378
-378090
-352020
27191
-118331
120782
309579
-454575
288705
301269
42593
185871
38966
391354
-324540
425154
-116639
-219949
337526
366259
6295
-334195
-337173
-83768
-216478
-416199
433452
21315
237801
234712
99753
-251225
-22356
-463633
-429136
301304
-474310
429934
343616
-492260
305982
16303
-264966
381330
-323697
-462576
62805
-134410
279341
484037
365133
-289312
-68675
-372187
-168844
-448640
-467499
170645
218233
183202
-194273
457246
188516
175138
-15563
170745
-174240
-119527
-485209
446993
179631
-62074
143565
205241
-458668
-403043
-209490
-446635
112682
58550
-199629
228802
440772
-352580
399702
-122446
-452937
-173366
412512
-356009
244988
-460187
230610
-261899
-235258
263286
-46659
-263700
7384
220373
-434985
266865
250375
-37600
424496
-335661
461775
176331
-158753
-228304
8080
-408659
-300999
-237232
339499
260422
-235212
-17523
182779
287253
-460759
329957
-92582
326339
-261249
-104903
380492
-458637
-100913
436647
163989
350722
337734
189090
231179
-455757
137758
454312
-444948
418549
-29366
-318335
377184
-56862
-402828
-80687
-141299
-474789
-436171
-100698
142173
-272205
156337
305165
135705
335776
-210038
-435087
-399395
-212165
-19179
100144
259812
-479697
-441317
361079
-50869
401003
4655
-124575
101632
-353394
2368
-15622
8214
367899
248849
357898
14159
333808
-207073
-283582
433516
46980
-217485
-328283
277652
-223084
-397629
-95560
264778
465362
304698
84349
217261
-10478
277403
-75822
-5192
-283274
-154788
-372930
453232
111686
-42171
-180050
-306331
-364682
464098
-444687
-296295
-417064
359130
404361
-411118
248749
314705
-452825
-21690
301687
91010
486727
365638
-408873
90769
-119238
-312915
192036
21660
-50088
-91789
234742
-313754
169403
362581
-350263
235805
-276937
307521
278365
-148226
-111701
-174449
-453989
-329752
384169
-437461
-340373
-168196
168935
284916
-164032
-83347
-60875
-499148
394321
-292001
-388260
-440007
-77455
-298999
436164
-480506
-277958
46060
5754
-359522
-120272
389612
-216784
115411
-162260
418814
287537
78659
60049
-202373
-419170
324702
-288444
-88057
88568
-368239
-403930
-496535
-333876
128820
-171737
-162915
125117
-151564
393384
-36768
365463
484095
-49624
274126
55747
-210180
356072
-27532
155920
-35625
185385
195013
331623
-337301
119144
-128287
236474
-299027
-331242
94537
-242121
-462712
171122
-203863
-455669
-121025
471447
-473348
-344228
-67510
-61904
307216
309995
260854
243481
17446
490173
-180938
460698
209119
490962
395120
351003
-66992
-211646
-164569
276728
344860
115366
-408200
456428
-313246
-115413
-226526
-200367
189292
-228050
-60815
-431394
164208
37030
279018
-174280
-395024
300360
-259329
294177
-171345
349904
-259734
-56655
288782
13810
-133662
367285
-435938
499288
-224463
-180645
480421
-159807
40256
278384
432385
-238289
445307
-33433
474056
100025
64262
-70335
389142
208455
-391477
85060
-214269
-342478
442260
359333
-375716
-27760
309653
-108333
-138370
-83830
177057
491408
471086
142248
439184
-14673
-98199
-43451
-299560
-9910
-370521
350941
-154140
195303
-191189
467675
21045
121252
-269115
280299
99339
423775
284065
219817
-349461
95028
144962
-300706
371300
-464198
-141893
381573
-180524
-247894
-228781
-204918
88843
-438008
259739
-70052
92758
222756
101430
226394
130228
406888
-366790
-391581
307018
-147732
261226
-321516
-415965
262650
454066
-120679
82165
198507
-237300
-455811
-282650
-334901
37501
-8141
391260
113440
-318883
362685
-86911
6118
50699
-362870
-383632
33541
-5391
-438620
-220671
467081
106720
489652
-249091
-328241
-194383
-92273
-191853
-409040
-499120
-425719
-378284
-322151
-76252
441993
-319142
-442256
-290696
430293
342710
-361798
-331012
-182059
-353616
-207719
343867
20808
-376985
386142
-306053
166942
-497718
-460332
64989
492230
125200
64167
264187
234049
-313409
-215594
-419293
-133251
381023
-25449
208890
413503
-269889
197074
-142014
317004
230741
-124354
478251
-154067
338050
4751
-351146
434480
-59508
45397
216272
167118
-346160
-387365
-350503
32065
171956
-256165
349016
101596
108341
-287373
-430083
-33026
-206902
318517
436384
421171
135991
171414
438940
-317668
298071
290076
238570
-130563
409874
248923
380813
-188690
67943
498778
259531
222041
421056
61796
-321963
-129477
464876
417414
-449894
362374
205172
398837
-396468
-451467
-338858
-400732
426135
-102393
336716
27320
-99557
3628
-407494
-111406
-239145
-427634
-117946
-231149
354296
148514
-150793
296988
-345575
286170
-38869
364541
485683
-344624
301940
499633
398313
411159
115549
179711
-167031
-69397
42046
-308546
-12975
-121692
-73011
-30847
23608
-99079
-12293
298120
-256297
-73459
137369
218045
461771
-93877
-235622
-264851
283295
-284895
350094
74391
378020
278950
344530
234693
99408
81534
139922
-250848
-47495
186191
-447164
-422930
382701
371379
251343
-329033
-40603
-493149
363273
383573
-404
365806
-166238
-158825
167354
-223599
63753
75367
-400496
110632
-370277
-84876
514
435053
-9640
392332
369243
-327337
-201042
-344849
-106421
467570
147447
-238944
-25522
48253
384200
-410269
-121136
196120
-151483
90941
-59955
140184
-434302
-115078
-329117
-112376
-197678
-459223
-301110
-380209
417835
351268
-159997
301173
489068
174415
-194097
-259917
-328531
-245515
-314377
322591
-379761
381272
-66641
-459486
-168110
-458050
-60042
-220295
430728
-459296
439703
21453
-385068
-133252
-427890
-136650
416928
90424
463238
479952
474815
239785
-263587
-432617
-419227
184684
390549
297479
4018
-184470
-168267
7948
51619
68133
-143440
-420839
-405375
428805
311239
438934
375256
488934
-169627
420181
-378459
-109116
-410632
265720
-177771
-486304
-385933
428044
296989
165870
-305090
78269
-40595
281125
-285447
-159936
-50578
-104948
-352892
-212075
120138
13475
-182738
-86206
279135
-132018
-219936
-405496
-198803
115144
156648
-387063
246305
-488588
361699
-191222
85547
-337743
-416604
168256
235174
-186238
450791
149172
134108
-152816
286333
113872
-93372
300344
-142214
-60467
-335590
-137464
-180319
400362
-244574
113387
9832
-424610
402977
-312218
-44189
167060
-114230
-297151
-411992
335183
-425283
-333228
-73478
418707
-185526
221587
151555
162915
283465
484864
-222780
-181072
-200362
-116356
356815
-332586
87181
-52776
-175083
-152678
403856
17018
-201960
372568
-295423
53
-294520
-210945
241549
309186
-268530
-92857
56988
-235011
-429834
133749
-140863
17236
182674
348119
468828
349551
321493
447954
248411
101330
364611
364272
152859
33134
456379
161201
301433
-89718
-276034
-67647
379672
-439447
-286680
-288663
35651
-97117
241964
469806
-438955
-102953
-492243
324736
-295997
-269623
-424275
-314845
94473
313177
-8394
225913
449909
-294110
339859
-364967
438822
157101
186971
33734
-250986
155131
361960
364097
67397
364986
-395963
370731
403876
295884
-276032
402751
-101807
-496816
-378072
478266
201824
23706
-400382
-319336
-226184
-140825
325483
-370614
202684
124272
-163063
235358
159766
286323
253552
-136086
343779
-261613
-226628
106911
-240031
-332942
-310303
-479203
489525
5224
-298076
-117315
-427276
-11716
132694
-102915
413457
184625
47804
296533
-217603
79425
288626
228443
-126374
-488290
105422
-442454
293370
434442
-262430
-190516
354112
-344274
277295
-480003
234866
-491609
390289
58741
499938
-213600
-390273
337826
395480
97057
-261862
364995
-204316
466554
396411
-385887
49830
360222
309615
-392656
220744
155706
-423116
-470711
-105453
-475769
194114
-186445
456757
-45205
-462585
-468910
150741
-140841
-497688
-263692
-21425
-91821
355547
381908
448615
-27128
-167234
363292
379126
-132854
420418
-140599
164386
311090
33465
-115933
-148923
340379
483751
-226833
194483
-309172
-95006
153197
-51171
180010
-210675
-102554
322758
62886
494019
-437234
285618
153081
287871
473150
133519
-47374
257074
-357562
-143530
-321280
17031
209826
135394
207044
193161
-137663
-291933
-33057
-295339
-392810
-460278
-126201
274810
-491942
350020
-415387
-430175
303719
339488
-129318
136807
96737
270289
-411666
-386799
150959
-132114
179276
-149762
278818
-321052
-355735
-102414
348193
-319923
-318278
-494476
113519
347958
161620
-469693
-50883
435482
450541
82340
-251816
-136941
-151365
-403196
-58997
80013
-308022
-336889
-37698
-141683
-37384
290488
60553
-418146
-107004
-353847
422644
186761
-199580
471366
24277
-427012
-374410
-246532
299380
-119967
-212158
393414
419696
-83606
317902
242933
-408549
463223
164419
485416
381235
-163638
-219391
272013
-186500
-231773
144477
151981
83126
497173
-208805
-128528
-230810
476845
86893
-343129
-70534
117628
210223
222515
-189585
310714
215153
-293937
-77595
176846
233144
430950
-17875
440439
424454
-226626
481060
-357112
-83094
184643
-390015
-189648
328856
474779
-253432
-242705
126938
-27417
361770
139144
-450194
-481844
-15225
71382
-323526
415337
308107
-353206
-117257
-202776
-290312
-147912
379684
354658
493287
20226
-130718
265302
-280775
60672
-261760
-417706
455298
212702
-201329
451980
-300778
310308
244606
-283112
-339012
170266
464518
-464010
-312502
376325
-8879
473927
23152
478327
131124
-457063
428097
-449768
27366
-330657
257006
242501
-73711
-6816
-208577
61542
212273
-358949
387875
158071
-161003
-13050
386535
30576
30936
-17939
-108990
301146
-48480
-14339
456640
-180009
-306617
-5119
-324651
-123120
460987
-368786
-132815
194298
-188720
457753
-122672
-420039
93269
127059
456502
-197247
-161037
-492423
403581
206981
-38101
-41197
177905
398983
288858
165340
499732
-346947
-342962
305407
-37751
271644
219521
-70900
-355448
310155
-186177
-496671
119401
442390
-442539
-99621
482315
-169468
-406353
-42770
-452174
-20104
9142
441575
-372757
-478700
-89464
-418151
48461
145610
320876
213267
145942
64054
-181964
-498474
218642
411098
-289519
13125
-464279
-110834
-345550
-137228
-409316
-86882
-261898
201379
-477464
-378927
153350
-393649
-266492
92039
-460660
481282
-60699
-206373
-28312
-293685
-472108
92697
37997
90652
-47302
-394271
-470649
-451653
-233529
-111397
-225605
-314862
-455206
-370575
-428868
242771
-216160
152338
-456799
29386
124589
412276
-377697
416878
29181
349640
-255738
-130763
-497585
-472276
-63575
-117685
-14080
19716
-310451
75876
-157658
-262290
278731
403339
-436512
-374193
-107500
-305455
45789
-477196
-205496
472864
9248
236287
209850
-324274
-240585
197448
286636
-3525
236852
102211
-499844
106400
-478523
-194426
-390845
-266405
431376
-293651
-161510
-411953
-405260
225328
-186371
-330238
248775
489282
123881
-380096
-416815
81999
472106
-15351
159827
-384860
-345297
-174013
-313688
140563
-409328
-308937
403349
-440767
-405887
-116425
209209
-83189
75861
-337762
-140694
393175
486136
319833
-153496
373395
151592
101356
240165
-160408
481178
265823
-32665
-365277
-279174
-253584
419639
260048
-390576
284213
84752
201737
-389133
-207663
61764
224275
246107
269944
318147
216559
2879
130091
-212068
-266158
279513
268199
-424874
306870
44201
55689
-330555
480362
-183723
415324
434314
10022
415129
215997
257926
385661
363227
182358
-12741
351000
-3113
73652
439229
-141225
32413
419374
-261473
317907
48099
-262699
-15282
-103529
-486153
-176386
-311876
-43078
452501
-335120
454925
303291
271715
-329991
-154716
374322
354497
50767
292784
-20860
-129080
150997
77800
273976
218063
285320
-15723
-61571
-469190
-313980
-449771
215516
27033
42954
488216
-193946
171992
396644
163476
88590
-410043
-95474
-144203
446541
320390
116233
-335860
-159946
-110962
413345
-408890
75653
389149
-379338
121283
-474191
-173484
27444
486976
461587
-150208
421625
-444372
177074
-213251
-452595
-110207
-396430
-478100
129228
-236213
134031
-163009
-96213
-352283
55412
132931
311360
-34159
84946
267776
-438846
-296110
179312
-42141
-133493
240955
-107574
71282
-44457
-265076
-384418
-204201
-142268
-291147
229532
-198812
480538
446747
231525
-177453
56287
-327188
-226970
329201
-248329
-396119
-244305
478903
-409994
-8443
-414703
-90326
7599
218294
437527
-51747
-397619
461642
270938
-429174
-438691
68134
203375
-225724
356946
-4347
-192673
311957
14741
-44236
-360377
467984
-348340
479107
130212
269430