-381696
-390897
434729
-38265
317485
138572
105865
-469647
-242732
-126273
-481149
-326640
88032
256469
-169551
79355
-96583
-171893
199526
-464997
-279247
117699
196731
370040
-286025
128628
113980
493164
208314
-469791
365904
-283517
277642
-238413
-146602
-57536
-405218
83730
-34502
-234646
-456269
-24167
139378
-134280
-187654
423058
-421562
-437221
-235141
45408
-469637
177688
74714
202881
-163891
395442
400560
385860
288676
493518
363053
321483
265013
-331853
-270339
-126009
44099
-214165
95244
249642
149142
-111777
-180741
447026
246549
158990
47524
60589
193689
91128
-227889
288699
-61826
166981
-320622
-383787
457343
84291
150241
418438
-311410
303503
-208828
102075
106595
-263028
1111
-181305
203799
-428000